{"poses": [[[0.9999974055376757, -0.002093943828287447, -0.000896837310438296, 0.4481707829798222], [0.002094153472696044, 0.9999977801405683, 0.00023288445381834568, -0.31190855797180256], [0.0008963476726207306, -0.00023476196457640583, 0.9999995707237428, 0.8377684565047981], [0.0, 0.0, 0.0, 1.0]], [[1.0000000000000002, -2.3245294578089215e-16, 1.165734175856415e-15, -0.8010505882774711], [-9.749145934989642e-16, 1.0000000000000002, -1.4901274658640789e-15, -0.023527995812013834], [-1.1657341758564146e-15, 8.153200337091022e-17, 1.0, 0.5981340822373857], [0.0, 0.0, 0.0, 1.0]], [[0.999998864173344, -0.0007450107253684318, 0.0013101950393615601, 0.7541972960300135], [0.0007449773368867673, 0.9999997221670873, 2.597144492096557e-05, 0.30324143065638476], [-0.001310214024351077, -2.4995349810689605e-05, 0.9999991413568529, -0.5824354516427064], [0.0, 0.0, 0.0, 1.0]], [[1.0, -3.330669073875765e-16, 3.969047313034933e-15, -0.5315006150527046], [-5.551115123128689e-17, 1.0, 7.993605777301129e-15, -0.7293346979976452], [-3.635980405647388e-15, -7.438494264988549e-15, 1.0000000000000002, -0.4307876039082154], [0.0, 0.0, 0.0, 1.0]], [[1.0000000000000002, 8.32667268468862e-16, -4.1633363423443386e-15, 0.8925735828492234], [-8.88178419700129e-16, 1.0, -9.159339953157504e-16, 0.24396163788836117], [3.830269434956789e-15, 1.36002320516582e-15, 1.0, 0.37920334369312253], [0.0, 0.0, 0.0, 1.0]], [[1.0000000000000002, -8.111289417925353e-13, 1.933037063749891e-12, -0.9252150651663793], [8.109068971848189e-13, 1.0, 7.220959941116734e-13, -0.3360456454835236], [-1.932759507994906e-12, -7.220682385329226e-13, 1.0000000000000002, -0.17621160973092062], [0.0, 0.0, 0.0, 1.0]], [[1.0000000000000002, 2.0865253969049069e-13, 5.867528685143856e-14, 0.8393138312224506], [-2.0854151738802761e-13, 1.0, -4.642120021726172e-15, 0.10214851935755531], [-5.867528685144048e-14, 4.5449755070469915e-15, 1.0, -0.5339643987202681], [0.0, 0.0, 0.0, 1.0]], [[1.0, 4.2854608750532425e-14, 4.946043574704954e-14, -0.3617395438877781], [-4.2785219811490613e-14, 1.0000000000000002, -2.770006446439978e-14, -0.28402912166095273], [-4.940492459582065e-14, 2.7700064464395545e-14, 1.0, -0.8879594414339672], [0.0, 0.0, 0.0, 1.0]], [[1.0000000000000009, -2.1066481892222035e-14, -3.5155212074755854e-13, 0.3120698877206153], [2.070565940929919e-14, 0.9999999999999993, 1.140754157802275e-13, -0.34639785973446413], [3.5077496463031614e-13, -1.14686038443786e-13, 1.0, 0.8846586796820756], [0.0, 0.0, 0.0, 1.0]], [[0.9999656275821888, 0.0016406829284459688, -0.0081272266910502, 0.9824832808057774], [-0.0016336049369938598, 0.9999982806973853, 0.0008774606448158239, -0.1318198484798816], [0.008128652352588231, -0.000864153806726741, 0.9999665885664026, 0.13171994111949126], [0.0, 0.0, 0.0, 1.0]], [[0.9999999999999996, 1.0837164499121796e-13, 1.9229062786507986e-13, -0.16577928380857102], [-1.0804898642469637e-13, 0.9999999999999998, 2.600697435182351e-14, 0.14933831817522492], [-1.9365065107024e-13, -2.634004125925282e-14, 1.0, -0.9747898615138493], [0.0, 0.0, 0.0, 1.0]], [[0.9999719003896848, -0.0003800684707994355, -0.007486920528466713, -0.6184227187550391], [0.0003465584574656729, 0.9999899199408117, -0.00447659625218809, 0.2168247784239145], [0.00748854647295633, 0.004473875805947752, 0.9999619523296851, 0.7553412010769358], [0.0, 0.0, 0.0, 1.0]], [[0.999998655175921, -0.0013330520841771578, 0.0009553106775252868, 0.3653623380156344], [0.0013341546609692996, 0.9999984436384017, -0.0011544488361635156, -0.1493978990747886], [-0.0009537702502892131, 0.0011557218158259198, 0.999998877314067, 0.9187984932573336], [0.0, 0.0, 0.0, 1.0]], [[0.9996743406298924, -0.005058852089033093, 0.025012410953993914, 0.13439592693255675], [0.005118071783196532, 0.9999842479665315, -0.002304161459837453, -0.10451339057263585], [-0.02500036054564493, 0.0024314264028012034, 0.999684485294353, 0.9854007770610076], [0.0, 0.0, 0.0, 1.0]], [[0.9998108376488358, -0.000425896752668527, 0.01944498732038321, 0.19372458555669372], [0.0004636554321212813, 0.9999980158401502, -0.001937353711181957, 0.05857228349031312], [-0.01944412362576575, 0.001946003010797731, 0.9998090513336575, 0.9793059231859685], [0.0, 0.0, 0.0, 1.0]], [[0.9996531706123318, 0.007427513568599988, 0.025265995466251287, 0.0677669441590831], [-0.006750763676899049, 0.9996189408322567, -0.02676565559024906, 0.18352000256766737], [-0.025455169897115337, 0.02658580770985549, 0.9993223849959151, 0.9806773787810928], [0.0, 0.0, 0.0, 1.0]], [[0.9999882867654206, 0.00018827820452518883, -0.004836412231790449, -0.20800988665127415], [-0.00020447940946493622, 0.9999943692903566, -0.0033495635170356906, -0.13328859380673602], [0.004835754349552338, 0.0033505132295297926, 0.9999826946207466, 0.9690025855312755], [0.0, 0.0, 0.0, 1.0]], [[0.9994973927681854, 0.006852257235813868, -0.030951711105737217, 0.26249286626344775], [-0.0070055487103484245, 0.999963714386885, -0.004846874957331393, -0.08744366491963539], [0.030917375969925442, 0.005061272602745938, 0.9995091292143233, 0.9609636535875695], [0.0, 0.0, 0.0, 1.0]], [[0.9995397264370289, 0.008576888318692629, -0.029099351555607753, 0.3793584067585414], [-0.008341050798720159, 0.9999314573502789, 0.008216293137492047, -0.11685615275242006], [0.02916782723758105, -0.00796979222543955, 0.9995427555968389, 0.9178408482303456], [0.0, 0.0, 0.0, 1.0]], [[0.9999313967794481, -0.011297972571439968, 0.0030915288252934686, -0.8566472358597716], [0.011209975877938483, 0.9995688670078279, 0.027136995955759243, -0.47829613427713447], [-0.00339678900119915, -0.027100478306882437, 0.9996269433643828, 0.19336063304451703], [0.0, 0.0, 0.0, 1.0]], [[0.999565353694916, 0.00842497255476793, -0.02825108016004918, 0.3920710903125111], [-0.008231634315328647, 0.9999419469895428, 0.006952902074773458, -0.3714490344030408], [0.02830801810895295, -0.00671732746068653, 0.9995766772101722, 0.8416091188619269], [0.0, 0.0, 0.0, 1.0]], [[0.9999490092779252, -0.0015695656503461376, -0.00997573595108881, -0.5960947984037676], [0.0016086833473727604, 0.9999910444886979, 0.003914470627119202, -0.40916618774515057], [0.009969502594637638, -0.003930318825738348, 0.9999425791573952, 0.6908357447688033], [0.0, 0.0, 0.0, 1.0]], [[0.9999394568742169, -0.007112265035788297, -0.008396324919678661, -0.4937598575517821], [0.007144409304428474, 0.999967240653884, 0.0038046070425550153, -0.40199394354965284], [0.008368990487920964, -0.0038643634816314565, 0.9999575124439514, 0.7711044709605536], [0.0, 0.0, 0.0, 1.0]], [[0.9999909496177557, -0.0006322124473532462, -0.004207254449193925, -0.5146823363525912], [0.0006234055255594282, 0.9999976127324404, -0.0020942528430738456, -0.08158653795256526], [0.004208568418067077, 0.002091611063614043, 0.9999889564965351, 0.8534902962901297], [0.0, 0.0, 0.0, 1.0]], [[0.9999063175970119, -0.008833115423071462, 0.010456199190261998, -0.8828283876669312], [0.008522108308357437, 0.9995306995592054, 0.029423703177308597, -0.46628259532904204], [-0.010711195057712302, -0.029331837832097103, 0.9995123378877458, 0.056519997225953376], [0.0, 0.0, 0.0, 1.0]], [[0.9998221969386665, 0.006552065027897798, -0.01768176893323331, -0.8966939600739389], [-0.006432000692535328, 0.9999559302276921, 0.006838637990277253, -0.12289202537729227], [0.017725796902516584, -0.00672369290948308, 0.9998202778888967, 0.42524990619580144], [0.0, 0.0, 0.0, 1.0]], [[0.999903129218531, 0.0057524713951192736, -0.012674432998676523, -0.9365196911909363], [-0.005729578263685681, 0.999981889658297, 0.0018418165875596637, 0.014982214241194823], [0.012684798457598763, -0.0017690190135337552, 0.9999179798662591, 0.3502947552638806], [0.0, 0.0, 0.0, 1.0]], [[0.9997623824972469, 0.008979922241619653, -0.019863019407009536, -0.8829876714795224], [-0.008964352020667473, 0.9999594385003453, 0.0008727811429343958, -0.04991881115063118], [0.01987005123995237, -0.0006945146567009384, 0.9998023298198064, 0.46673422244872453], [0.0, 0.0, 0.0, 1.0]], [[0.9999493878947515, 0.0010722428138162617, 0.010003596566287545, -0.971175570433438], [-0.0009832913732562131, 0.9999599763259529, -0.008892630897271827, 0.13250774458307638], [-0.010012731245173913, 0.008882344372295677, 0.999910420573495, 0.19814054333358636], [0.0, 0.0, 0.0, 1.0]], [[0.9995224692143144, 0.0032564402418955828, -0.03072831158183665, -0.8054468981628301], [-0.0030035708615021046, 0.9999612774272351, 0.008271771767407185, -0.2980516548129152], [0.03075405823301036, -0.008175527080445638, 0.9994935460817934, 0.5122699240060078], [0.0, 0.0, 0.0, 1.0]], [[0.9997341371821072, 0.0020161828066996112, -0.02296932649508032, -0.5749832268161823], [-0.001979437283775131, 0.9999967248359247, 0.001622388813932245, -0.07185978428655536], [0.022972522299199848, -0.0015764911398225155, 0.9997348537961951, 0.8150033463089104], [0.0, 0.0, 0.0, 1.0]], [[0.9999979653522805, -0.0012738028660161963, -0.0015641986950751397, -0.9923540799227059], [0.0012860087276598225, 0.9999685399511774, 0.007827214668240254, -0.08543578031738742], [0.0015541791568303776, -0.00782921031578955, 0.9999681434890714, 0.08907380604471334], [0.0, 0.0, 0.0, 1.0]], [[0.9998951278100644, 0.005013550261262574, -0.013586673451322105, -0.8555639862187343], [-0.0051337781529748015, 0.9999478489343798, -0.008828574821717283, 0.230429698696059], [0.013541702388219367, 0.008897399917077787, 0.9998687206684408, 0.46358647941197406], [0.0, 0.0, 0.0, 1.0]], [[0.999959285818948, -0.0029124084000583038, -0.008540760023045657, -0.9345976218896253], [0.0031615221217098327, 0.9995656433014031, 0.0293006742128334, -0.3556802801492163], [0.008451714757013715, -0.029326483061627634, 0.9995341544484124, -0.004339393487204501], [0.0, 0.0, 0.0, 1.0]], [[0.9999996416945386, -0.00023232604189516367, -0.0008140242037256437, -0.8196079359575245], [0.00022864337841521109, 0.9999897531918058, -0.0045211982478818025, 0.3057496933509331], [0.0008150662546693994, 0.004521010506667561, 0.9999894480098274, 0.4845203068544582], [0.0, 0.0, 0.0, 1.0]], [[0.9996784857431278, 0.006542188179491885, -0.024497447135384928, -0.5507530940835861], [-0.006615448300686064, 0.9999738815752426, -0.002910671936834005, -0.029687743324079606], [0.024477765137115637, 0.0030717977093331025, 0.9996956552234911, 0.8341400875011827], [0.0, 0.0, 0.0, 1.0]], [[0.9995270936256304, 0.0057695550239032015, -0.03020432656303403, -0.776564717746328], [-0.005577459139570951, 0.9999637067589516, 0.006440272854777087, 0.03101183428202226], [0.030240387858733942, -0.006268763811447528, 0.9995229970052865, 0.6292737755019641], [0.0, 0.0, 0.0, 1.0]], [[0.9993086254893274, -0.008788397433369769, -0.03612526945483109, -0.45403351866185276], [0.008178503003414007, 0.9998221080377913, -0.016996010340388956, 0.41517868433998617], [0.036268210753415644, 0.01668880910732094, 0.9992027324518908, 0.7883401466234224], [0.0, 0.0, 0.0, 1.0]], [[0.999758187278879, 0.0016580470333198536, -0.02192755911826724, -0.8728190333067865], [-0.0015793142651218057, 0.9999922461309296, 0.00360741520621347, -0.40705938440509537], [0.021933370358925477, -0.0035719123804117195, 0.9997530538621248, 0.26923892991550347], [0.0, 0.0, 0.0, 1.0]], [[0.998073811906632, 0.0069246351765115365, -0.06164994252907188, -0.9544435865890655], [-0.006665328696421736, 0.999968058722095, 0.004410774187504295, -0.09587222759305107], [0.061678516353219706, -0.003991361075709502, 0.9980880871231897, 0.282570347987787], [0.0, 0.0, 0.0, 1.0]], [[0.9998994061103024, -0.01032080854080179, -0.009729263658125797, -0.35731972256695693], [0.01014755687219896, 0.9997919965637128, -0.017691543083354154, 0.7781409663672462], [0.009909830966806324, 0.01759103516592478, 0.9997961545895245, 0.5165455415439463], [0.0, 0.0, 0.0, 1.0]], [[0.9969321103686024, -0.0004329244944789813, -0.07826991690545515, 0.20275179585303355], [0.00036199378052055657, 0.9999995108952635, -0.0009204182402025831, 0.008318307185387832], [0.07827027709486936, 0.0008892612755054848, 0.9969317794803597, 0.9791948319194175], [0.0, 0.0, 0.0, 1.0]], [[0.9972859104119438, 0.034123455882542036, -0.06524111167394833, 0.17267847955909427], [-0.033337193040614076, 0.9993582674627302, 0.013102855187428035, -0.4071072006237576], [0.065646359030743, -0.010892337330531469, 0.9977834998302412, 0.8969090682866374], [0.0, 0.0, 0.0, 1.0]], [[0.9995867375181137, 0.01079600084659978, -0.026642082193680187, -0.9489048124483879], [-0.010742782993589415, 0.9999400050540029, 0.0021398378801942767, 0.013220220178838981], [0.026663585494965347, -0.0018527434579782035, 0.9996427464600693, 0.3152854016309532], [0.0, 0.0, 0.0, 1.0]], [[0.9997474619288723, 0.0015640712772496694, -0.022417984918752864, -0.9401774603195466], [-0.0014402589830717076, 0.9999836280680809, 0.0055379824719008755, -0.170497582791763], [0.022426279692347947, -0.005504296216327962, 0.9997333467991971, 0.2949524408484753], [0.0, 0.0, 0.0, 1.0]], [[0.9999325302616509, 0.0027421078544432277, -0.011287859365179837, -0.9729843426814921], [-0.002637266611436901, 0.9999533470190547, 0.009292395289154291, -0.2103562851276674], [0.011312813503001179, -0.009261999239056878, 0.9998931120978592, 0.09514038924449665], [0.0, 0.0, 0.0, 1.0]], [[0.9989465993571901, 0.01294319868019619, -0.04402459813138916, 0.10679499994933404], [-0.01302785969380149, 0.9999137943946225, -0.0016366585310428066, -0.3218257160795908], [0.043999619367716944, 0.0022084807614258105, 0.9990291067372474, 0.9407566254181954], [0.0, 0.0, 0.0, 1.0]], [[0.9995950391820047, 0.003986761181048269, -0.028175581236454778, 0.22182878914895546], [-0.003958461523480419, 0.9999916033397592, 0.0010601095911688075, -0.18924952927249458], [0.02817957105943835, -0.0009481483340951026, 0.9996024273628201, 0.9565440918017042], [0.0, 0.0, 0.0, 1.0]], [[0.9996749404802636, -0.002845601696734409, -0.02533605981136333, 0.24225394506837136], [0.002843359899935903, 0.9999959498929619, -0.00012450763987039836, 0.07888803770713612], [0.0253363114967605, 5.242763098682054e-05, 0.999678982759507, 0.9670003597194562], [0.0, 0.0, 0.0, 1.0]], [[0.9996025622380029, -0.0013157801028804638, -0.028160012250358187, 0.1161618595406611], [0.0012882339395253743, 0.9999986738980207, -0.0009963209909479187, -0.09681733545697886], [0.028161285846646168, 0.0009596483318447099, 0.9996029316956522, 0.9885002870376196], [0.0, 0.0, 0.0, 1.0]], [[0.999809974882603, -0.0024905931830558822, -0.01933419434176052, 0.2844098612086412], [0.0025867451640185844, 0.9999844042793535, 0.004949742167331681, 0.02332477175306989], [0.019321565016966753, -0.004998814225709001, 0.999800824655407, 0.9584190164821889], [0.0, 0.0, 0.0, 1.0]], [[0.9999891274987482, -0.0014984587495975703, -0.00441582446070882, -0.003073700008364653], [0.0014954127926622128, 0.9999986417426436, -0.0006930032086870487, 0.07126488115397692], [0.004416856899604254, 0.0006863921936200617, 0.9999900100705432, 0.9974526918445548], [0.0, 0.0, 0.0, 1.0]], [[0.9999731606488906, -0.0015581994763048592, 0.00715891027044817, -0.1377892078607708], [0.0015884679336054855, 0.9999898157958349, -0.004224343053779189, -0.05915069445676332], [-0.00715225499351026, 0.0042356013745569, 0.9999654518679654, 0.9886937610476613], [0.0, 0.0, 0.0, 1.0]], [[0.9999376015120942, -0.007432691698942654, 0.008339554925106804, -0.2569064155556433], [0.007450045098223427, 0.9999701431877283, -0.00205172150866699, -0.22528248682746568], [-0.00832405611915501, 0.0021137235446384165, 0.9999631204512005, 0.9398121501137177], [0.0, 0.0, 0.0, 1.0]], [[0.999810516814681, -0.0015101732857381697, 0.019407468753224154, 0.3713483021023844], [0.001280803669530821, 0.9999292545521571, 0.011825626102978383, -0.11716754857401876], [-0.019423954507783475, -0.011798528188480591, 0.9997417190073971, 0.9210712224467923], [0.0, 0.0, 0.0, 1.0]], [[0.999929856987717, -0.0006208300220589318, 0.011827750192126708, 0.016769398692176942], [0.0006232117029219368, 0.9999997862650405, -0.00019767915047836913, -0.10296150031137491], [-0.011827624938971583, 0.00020503647700663836, 0.999930030176285, 0.9945439513110561], [0.0, 0.0, 0.0, 1.0]], [[0.9999015421622514, 0.002500440915877318, 0.013807743362976611, 0.004865432894218918], [-0.002474089618404239, 0.999995086239486, -0.0019251954298980742, -0.17528803709944846], [-0.013812489352456466, 0.0018908442848108522, 0.9999028152004468, 0.9845051731298814], [0.0, 0.0, 0.0, 1.0]], [[0.9999692300309929, -0.00018793668911283235, 0.007842427623124726, 0.43091010519635153], [0.00016146335404542054, 0.9999942877464345, 0.0033761522605219065, -0.17931670904965857], [-0.007843017328067558, -0.0033747821117534843, 0.9999635482980817, 0.8843992470156425], [0.0, 0.0, 0.0, 1.0]], [[0.9999423165630911, 0.0011256573320036997, 0.010681593608166817, 0.0970710745497466], [-0.0011091683868807943, 0.9999981844318359, -0.001549476854025864, 0.034984793272483175], [-0.010683318394987021, 0.001537539788923827, 0.9999417496431823, 0.9946623883053045], [0.0, 0.0, 0.0, 1.0]], [[0.9999692830535618, -0.00026843269906020434, 0.007833319426108725, 0.24904266098176148], [0.00031935199815781985, 0.999978824946816, -0.006499820942633131, 0.045956874490734094], [-0.0078314087906743, 0.006502122874192326, 0.9999481943753298, 0.9674015323086093], [0.0, 0.0, 0.0, 1.0]], [[0.9999028907227915, 0.0007933653817571784, 0.013913292046712147, 0.19076566143748372], [-0.0007828472690698543, 0.9999994037054981, -0.0007614058056929842, 0.10569216706564144], [-0.013913887823300457, 0.0007504398834430711, 0.9999029155701177, 0.9759291097475996], [0.0, 0.0, 0.0, 1.0]], [[0.9998621910930672, -0.006094771493670555, 0.015441909953460725, 0.01135680906518659], [0.006069897089825683, 0.9999802048325243, 0.0016571941413111792, 0.015075864526820205], [-0.015451704497878993, -0.0015632349609101326, 0.9998793932892944, 0.9998218487883374], [0.0, 0.0, 0.0, 1.0]], [[0.9999357049582799, -0.0029591535415045074, 0.010946659760157552, 0.1307284625949049], [0.0029670866591581264, 0.9999953471749785, -0.0007085373334134443, -0.20220007272271548], [-0.010944512156505427, 0.000740971466112984, 0.9999398324974069, 0.9705798318381202], [0.0, 0.0, 0.0, 1.0]], [[0.999883151593064, 0.0032210619726184015, 0.014943490893679598, -0.12164339024498062], [-0.0032064967358132646, 0.9999943606275187, -0.000998544863450152, 0.0320580184903945], [-0.014946622996655803, 0.0009505119303010881, 0.9998878412042355, 0.9920560324991093], [0.0, 0.0, 0.0, 1.0]], [[0.9999507624144647, -0.0051102549873444985, 0.008506352960876826, 0.04067995652557289], [0.005076315384960419, 0.9999790883382798, 0.0040067328654478295, -0.23746355078610207], [-0.008526650505509811, -0.003963354653190427, 0.9999557930483975, 0.9705442808911946], [0.0, 0.0, 0.0, 1.0]], [[0.9999491116420397, -0.0010352970713566004, 0.010035052878284325, 0.07746486088729813], [0.0011034886612054675, 0.9999763239799904, -0.00679218611639551, 0.2560255877524873], [-0.010027783357777223, 0.006802914040262813, 0.999926579265443, 0.9635611534320813], [0.0, 0.0, 0.0, 1.0]], [[0.9999270764914212, 0.002989707479110206, 0.011700570435173965, 0.22188436585972127], [-0.0031145870839354413, 0.9999382305524719, 0.010669321763260412, -0.019314175054477335], [-0.011667949546329751, -0.010704986164435331, 0.9998746232526374, 0.974881681211769], [0.0, 0.0, 0.0, 1.0]], [[0.9998848079184925, 0.0006591296343963629, 0.015163655295618474, 0.12524892449060268], [-0.0006762885346420708, 0.9999991368370735, 0.0011264807702891268, 0.250757374729107], [-0.015162899710055156, -0.0011366060148441323, 0.9998843906168101, -0.9599131990971365], [0.0, 0.0, 0.0, 1.0]], [[0.9998976664087157, -0.005175457844407567, 0.013336841699061448, 0.49770484248664], [0.0051727416954490645, 0.9999865929252043, 0.0002381453206302609, -0.35402091114109935], [-0.01333789540209509, -0.00016913291322179924, 0.999911032012499, 0.7918074869961274], [0.0, 0.0, 0.0, 1.0]], [[0.9999186622210836, -0.01203928422919412, 0.004210056679785754, 0.5034765112652488], [0.012038095463251037, 0.9999274921939869, 0.0003075910619724957, -0.7240926749412457], [-0.004213454594034205, -0.0002568849789816689, 0.9999910903655551, 0.47138224393963046], [0.0, 0.0, 0.0, 1.0]], [[0.9997917818571838, -0.004242138837721855, 0.019959889501646982, -0.09025816848103937], [0.0043222898209055605, 0.9999827617158692, -0.003974176871702727, -0.10528357385302928], [-0.01994268641734516, 0.0040596218031946985, 0.9997928829158937, 0.990337725661399], [0.0, 0.0, 0.0, 1.0]], [[0.999948696008305, 0.0029523538574049383, 0.00968963146821824, 0.3832291981538715], [-0.002820414837373908, 0.9999035101004976, -0.013602049435674697, 0.70083344779822], [-0.009728854579769993, 0.013574022815881043, 0.999860537921744, 0.6016376374059854], [0.0, 0.0, 0.0, 1.0]], [[0.9998784887688263, 0.0027033387927953545, 0.015352513043081988, -0.09225778632084239], [-0.0027198602297121214, 0.9999957442773817, 0.0010553612927367833, 0.11048524997761584], [-0.015349594707922031, -0.0010969897441389439, 0.9998815862669957, 0.9895865091291781], [0.0, 0.0, 0.0, 1.0]], [[0.9999626214293919, 0.0005296292747187554, 0.00862990364315698, 0.01579032587921563], [-0.0005128594934559831, 0.9999979763606511, -0.001945314818411133, 0.0004461800922723224], [-0.008630916475020766, 0.0019408161773128276, 0.9999608694910849, 0.9998752176396879], [0.0, 0.0, 0.0, 1.0]], [[0.9999730534689907, -0.003636936748151744, 0.0063769135946550315, -0.1314609929408368], [0.003610985010326309, 0.9999851715984857, 0.004076440898998411, -0.14856926594391143], [-0.006391644792927037, -0.00405330411365488, 0.9999713583911308, 0.9801250848471056], [0.0, 0.0, 0.0, 1.0]], [[0.9999648292048745, -0.0009364995786825972, 0.008334465898003796, -0.15785429663590952], [0.000908983934930377, 0.9999941266515864, 0.0033046044448321885, -0.23274447705721868], [-0.008337511707451952, -0.0032969123236588622, 0.9999598073261036, 0.9596416187585886], [0.0, 0.0, 0.0, 1.0]], [[0.9999982630293348, 0.0013321459657329264, -0.0013035817731539847, -0.2593213001913463], [-0.001333029193084358, 0.9999988824159354, -0.0006769047574778277, 0.3509764969183069], [0.0013026785803497687, 0.0006786412942731499, 0.9999989212366731, 0.8997599631246432], [0.0, 0.0, 0.0, 1.0]], [[0.9990934534239541, -0.005378463041177049, -0.04222965143962399, 0.05706266411906427], [0.005279823265039622, 0.9999830677342461, -0.0024469799951491937, 0.11816949936233229], [0.0422420973874095, 0.0022217965976675043, 0.9991049338423823, 0.9913525433976522], [0.0, 0.0, 0.0, 1.0]], [[0.999243053735674, 0.012810234880376413, -0.036731695350394555, 0.2536299958951857], [-0.013130610621209725, 0.9998777110881377, -0.008494111716966424, -0.20404695594199146], [0.03661839190514382, 0.008969991719937077, 0.9992890635961281, 0.9455351300241419], [0.0, 0.0, 0.0, 1.0]], [[0.9999174603842961, 0.0036827626067664327, -0.012308926768824351, -0.09871258406260949], [-0.003639378967179729, 0.999987093474196, 0.0035451101202169525, -0.0736814222546223], [0.012321823702330887, -0.00350002065899885, 0.9999179578925639, 0.9923844355965578], [0.0, 0.0, 0.0, 1.0]], [[0.9999554074332275, 0.004262566169545077, -0.008426961178153001, -0.2170797713893495], [-0.0042636533612535575, 0.9999909044223159, -0.0001110524830140014, -0.21530038447952804], [0.008426411161515825, 0.00014697717225111237, 0.999964486365715, 0.9521145475726356], [0.0, 0.0, 0.0, 1.0]], [[0.9998577810416894, 0.0024605520125100025, -0.016684225309642055, -0.03711766601054309], [-0.002468585493506189, 0.9999968468123911, -0.0004609240032477075, -0.2219376665315325], [0.016683038573665782, 0.0005020448876857931, 0.9998607023855276, 0.9743541002343422], [0.0, 0.0, 0.0, 1.0]], [[0.9984661109043199, -0.02319945987861317, -0.050271367963710456, 0.13538431332524456], [0.023323955588344054, 0.9997261707820272, 0.0018911766755729336, 0.23641521528963275], [0.050213727916926264, -0.0030608029740430806, 0.9987338048818807, 0.9621740609696054], [0.0, 0.0, 0.0, 1.0]], [[0.9999807390718572, 0.001769835321990688, -0.005948879578154983, 0.03220689919517956], [-0.0017686516843191805, 0.9999984150808211, 0.0002042230780716439, -0.19969377199977667], [0.005949231590878807, -0.00019369764865997125, 0.9999822844054282, 0.9793288989088506], [0.0, 0.0, 0.0, 1.0]], [[0.9997642822736814, 0.0013308815336489338, -0.021670455558989977, 0.07587951263944422], [-0.0013649871208282149, 0.9999978529858164, -0.0015591131828452973, -0.09804823059463812], [0.02166833403727061, 0.0015883255649712913, 0.9997639524017401, 0.992284654975888], [0.0, 0.0, 0.0, 1.0]], [[0.9996711579677573, -0.009880131830792052, -0.023663451193976708, -0.08016661702426711], [0.0097325778650769, 0.9999325219138363, -0.006342597822351336, 0.34231146012065494], [0.023724520132212573, 0.006110205728292047, 0.9996998612235848, 0.9361603231120994], [0.0, 0.0, 0.0, 1.0]], [[0.999920009776724, 0.004015098449697457, -0.011993874793259635, -0.15953291036527975], [-0.003997560433531641, 0.9999909058178873, 0.0014858640921166849, -0.18263346418667475], [0.01199973160939088, -0.0014377989981981699, 0.9999269669207566, 0.9701516761725427], [0.0, 0.0, 0.0, 1.0]], [[0.9999615953407296, -0.005899789172890466, -0.006480766261706475, -0.6075975490910868], [0.005849991897279586, 0.9999534262707233, -0.007676124298358736, 0.18137165967540095], [0.006525751943278421, 0.007637917069302699, 0.9999495371189571, 0.7732590552165716], [0.0, 0.0, 0.0, 1.0]], [[0.999868314769594, 0.0072686902464480915, -0.014509281922722604, 0.19485918605642072], [-0.007260569680123017, 0.9999734542690546, 0.000612278641216513, 0.4093191111306385], [0.014513347227015966, -0.000506852360754128, 0.9998945473663471, 0.8913404130876539], [0.0, 0.0, 0.0, 1.0]], [[0.9999508373651714, 0.0039159735790445524, -0.009109775168545156, -0.4895475230870623], [-0.003934391311094907, 0.9999902507978939, -0.002004712990977236, 0.18616743678867706], [0.00910183595239984, 0.0020404558542739854, 0.9999564956147854, 0.8518714154499251], [0.0, 0.0, 0.0, 1.0]], [[0.9999956046899873, 0.0023518101289835814, 0.001805433417156598, -0.945708085314263], [-0.0023471772077427733, 0.9999939584582221, -0.0025639434881918124, 0.28739055338319175], [-0.001811452417821337, 0.0025596945466986594, 0.999995083289896, 0.15179879148851413], [0.0, 0.0, 0.0, 1.0]], [[0.9990675848007452, 0.009667622796640053, -0.04207728686438802, 0.14392546406720413], [-0.00971175172700911, 0.9999524832472302, -0.0008444679335937893, -0.148827877144275], [0.04206712349090498, 0.0012523247022302529, 0.9991140019057092, 0.978333130399047], [0.0, 0.0, 0.0, 1.0]], [[0.9999939258380957, 0.0030470997195793906, -0.0016921791313021643, 0.02412669045322011], [-0.003065026480196787, 0.9999381166336654, -0.010694321661227113, -0.6760437979623178], [0.0016594877490260151, 0.010699443276032361, 0.9999413822889789, 0.7364663371612908], [0.0, 0.0, 0.0, 1.0]], [[0.9999271534464427, -0.003239959325454869, -0.011627143418055073, 0.006188651114276404], [0.0031499749645715227, 0.9999650135588807, -0.00774914936686955, 0.20968866504643177], [0.011651843554442152, 0.00771195965736883, 0.9999023753447263, 0.9777486213270531], [0.0, 0.0, 0.0, 1.0]], [[0.9999479630877559, -0.0007220078179821981, -0.010175943266235055, -0.5536392301986571], [0.0006155123234895554, 0.9999450544401758, -0.010464666512297754, 0.22770539790730804], [0.010182939714370053, 0.010457858544880813, 0.9998934647918393, 0.8010205321133064], [0.0, 0.0, 0.0, 1.0]], [[0.9998995183030053, -0.010235648814079401, -0.009807384502143407, -0.9972812906727239], [0.010349415936984586, 0.9998789196675939, 0.011620481665058979, 0.07290844755946477], [0.009687253851394054, -0.011720814720807958, 0.9998843831239185, 0.010694676151225836], [0.0, 0.0, 0.0, 1.0]], [[0.9997056667088319, 0.0029183217742680613, -0.024084504318581598, 0.26709402193785153], [-0.0029261909962390747, 0.9999956762084801, -0.00029149716624713806, -0.08041915351794175], [0.024083549499678635, 0.00036188722861273294, 0.9997098837568479, 0.960309102959139], [0.0, 0.0, 0.0, 1.0]], [[0.9999609569916547, -0.0005698894517316666, -0.008818147103941775, -0.9658753983119222], [0.0006476735045121034, 0.9999608882958932, 0.008820566734602374, -0.19852070192783733], [0.00881277546324154, -0.008825933633378694, 0.9999222159168848, 0.16635565547776085], [0.0, 0.0, 0.0, 1.0]], [[0.9999984154337893, 8.538324240844471e-05, -0.0017781562396217711, -0.5374276784186166], [-8.459885986031741e-05, 0.9999998990964011, 0.00044119181865152836, -0.299537280787874], [0.0017781937305874338, -0.00044104068956342477, 0.9999983217536751, 0.7883202990528928], [0.0, 0.0, 0.0, 1.0]], [[0.999733707869829, 0.002746661926743796, -0.0229122062906159, 0.4823732291041], [-0.002728467444876782, 0.9999959371482605, 0.0008253195591436235, -0.1536244319804634], [0.022914380075529338, -0.0007625845740858875, 0.999737140277644, 0.862389428695011], [0.0, 0.0, 0.0, 1.0]], [[0.9991338309007232, 0.010492722443500252, -0.040267738021511186, 0.650684488052564], [-0.010458458626478592, 0.9999447454398759, 0.001061466127650592, -0.21390049140000844], [0.04027665071481994, -0.0006394082464109923, 0.9991883619039458, 0.728598834807558], [0.0, 0.0, 0.0, 1.0]], [[0.9999432591428472, -0.005913581739768952, 0.00886047661175136, -0.9729639163467741], [0.0058587577347288125, 0.9999636124082915, 0.00620071102101729, 0.010774514514684192], [-0.008896822611813555, -0.006148447801476601, 0.9999415198585596, -0.23070571073500834], [0.0, 0.0, 0.0, 1.0]], [[0.9998543203618068, 0.005946843869813704, -0.0159991594097195, -0.20163925995381007], [-0.0058697244042916095, 0.9999709490022901, 0.004862868173887732, -0.37197561592464223], [0.016027613335966924, -0.004768249096576225, 0.9998601799308274, 0.9060771316471519], [0.0, 0.0, 0.0, 1.0]], [[0.9999821938371786, 0.0034354619958871964, 0.0048795091411083106, -0.896231396189419], [-0.0033636115972052565, 0.9998869143546301, -0.014657578906480173, 0.29578559620314726], [-0.00492931289395286, 0.014640905137708007, 0.9998806657652414, 0.33057558506810153], [0.0, 0.0, 0.0, 1.0]], [[0.9999985132482643, 0.0012478670171419185, -0.0011900962854015714, -0.8168385343395169], [-0.0012483938666205498, 0.9999991230497806, -0.00044205477506847136, -0.12937960314435532], [0.0011895436161733445, 0.0004435398267453002, 0.9999991941288786, 0.562170569877841], [0.0, 0.0, 0.0, 1.0]], [[0.9999727131921103, 0.00017449353651898715, -0.007385284233915774, -0.8548726005740158], [-0.00018274561754984232, 0.9999993597834039, -0.0011167080289310103, 0.02459291912285759], [0.0073850846474008995, 0.00111802718586166, 0.9999721048809126, 0.5182547995602186], [0.0, 0.0, 0.0, 1.0]], [[0.9999635807691881, 0.002601453589449579, -0.008128319290330074, -0.16046050987708727], [-0.002620654766983212, 0.9999937989381179, -0.002352499501373177, -0.48450918058861886], [0.00812214896784714, 0.0023737153438466684, 0.9999641974448934, 0.8599437768776569], [0.0, 0.0, 0.0, 1.0]], [[0.9999811818379489, -0.005573697537721203, -0.002563174932960263, 0.5311612661634932], [0.0055922177737113676, 0.9999578924776982, 0.007276013464221229, -0.2632700556754738], [0.0025225127056846025, -0.007290210375437935, 0.999970244438469, 0.8053301195799315], [0.0, 0.0, 0.0, 1.0]], [[0.9996935975619651, -0.0042177055117848215, 0.024391021992368037, -0.9139201826358657], [0.0041340504344963055, 0.9999854024406261, 0.0034791568897931716, -0.24310745719768484], [-0.024405340002166313, -0.003377257152574398, 0.9996964406826222, 0.32503637510941336], [0.0, 0.0, 0.0, 1.0]], [[0.999891662158188, -0.009585275976936005, 0.011170784707537317, 0.013377980624955446], [0.009545477404136192, 0.9999479222631579, 0.0036106263612503543, -0.16070630784231849], [-0.011204811808473172, -0.003503604720770532, 0.9999310860985856, 0.986911599623739], [0.0, 0.0, 0.0, 1.0]], [[0.999778818453222, 0.015869223349013754, -0.013801518850419268, 0.85358225615999], [-0.015578575533332849, 0.9996598223735154, 0.020917636494201558, -0.5204717132231818], [0.0141287705279548, -0.020698001895120735, 0.9996859359623489, -0.022505957474709126], [0.0, 0.0, 0.0, 1.0]], [[0.999998767686346, 0.000714239662415265, -0.001398029861865137, -0.1538765446318662], [-0.0007070934154085215, 0.9999867168941341, 0.005105492551488663, -0.4445206432060255], [0.0014016578369629375, -0.00510449772221057, 0.9999859896310108, 0.8824530599098311], [0.0, 0.0, 0.0, 1.0]], [[0.9999537418574294, 0.003211044440494499, -0.009066605700404923, -0.943956280858921], [-0.0031580030445388747, 0.9999778524761361, 0.0058584617422332555, -0.1997783451533315], [0.009085216678546492, -0.005829558372270775, 0.9999417358461882, 0.26274532772503145], [0.0, 0.0, 0.0, 1.0]], [[0.989775490442552, -0.05548384718523693, -0.13140023295538925, -0.06614655739656661], [0.055162884237260915, 0.99845883170378, -0.006084208687160668, 0.27054948006134255], [0.13153529838728406, -0.0012264152019780517, 0.9913107288756237, 0.9604309500022538], [0.0, 0.0, 0.0, 1.0]], [[0.9998142405968989, 0.00703026238009704, -0.017946022136203367, -0.9941129893607247], [-0.007069974952494313, 0.999972695233237, -0.0021504051121626466, 0.05886040138142731], [0.017930414212092592, 0.0022768835811921954, 0.99983664468119, 0.09096647193170443], [0.0, 0.0, 0.0, 1.0]], [[0.9989199136201817, 0.015255093744779213, -0.043889500884449754, -0.9468692482452862], [-0.015180099141236596, 0.9998826915321434, 0.0020415103473379517, 0.007376773122827166], [0.04391549570607565, -0.0013730583651322312, 0.9990343056910586, 0.3215341258235927], [0.0, 0.0, 0.0, 1.0]], [[0.9995975346853073, 0.006180810226819726, -0.02768693258554197, -0.977590064963393], [-0.006101253988374228, 0.9999770152191924, 0.0029569803997153395, -0.16668452233861314], [0.027704572742160385, -0.0027868653098057287, 0.9996122698481245, 0.12858423745632017], [0.0, 0.0, 0.0, 1.0]], [[0.9996901045472129, 0.0035369030678747164, -0.02464112795855277, -0.8461895842778312], [-0.0036563857098522064, 0.999981768628494, -0.004805544107609744, -0.06888657724565851], [0.024623681973297066, 0.004894152359484983, 0.9996848111073616, 0.5284106821521435], [0.0, 0.0, 0.0, 1.0]], [[0.9992628493324016, 0.009397256860284168, -0.037221626879973775, 0.641869849704866], [-0.009083523384986997, 0.9999218566306531, 0.008588960078013273, -0.5365798783314479], [0.03729943092065245, -0.008244525202166252, 0.9992701237689368, 0.5478002893959166], [0.0, 0.0, 0.0, 1.0]], [[0.9998876956880062, -0.001253634692934683, -0.014934001867756654, 0.4746367801134033], [0.0012443692261518374, 0.9999990275087907, -0.0006297036619775018, -0.2054606593065612], [0.014934776762928176, 0.0006110495311938798, 0.9998882832904445, 0.8558655492534575], [0.0, 0.0, 0.0, 1.0]], [[0.9999888215277775, -0.0009275407879736799, 0.0046364304776081045, -0.7449573122370544], [0.0008903304667694599, 0.9999674327296743, 0.00802127120126576, -0.3025380315724773], [-0.004643719537934059, -0.008017053580396886, 0.9999570804393267, 0.5945665267733513], [0.0, 0.0, 0.0, 1.0]], [[0.999995603119631, -0.0023741110028189702, -0.0017768900786456609, -0.6261894867887245], [0.002377971007477921, 0.999994810809272, 0.002173386393517436, -0.18354367477671335], [0.0017717209974737627, -0.00217760223048805, 0.999996059518853, 0.7577588225210871], [0.0, 0.0, 0.0, 1.0]], [[0.9999999999999998, -4.468647674116139e-15, 1.315614284180814e-14, -0.4669657828441739], [4.4686476741163695e-15, 1.0000000000000004, -8.604228440844908e-15, 0.37044434815715727], [-1.3100631690576805e-14, 8.937295348232573e-15, 1.0, -0.8029408078862332], [0.0, 0.0, 0.0, 1.0]], [[0.9999948423212986, -0.0018609644514724335, 0.002617659663039978, -0.4432896665297285], [0.0018467664530163776, 0.9999836284540344, 0.005415928135797872, -0.5243304717963835], [-0.00262769565763696, -0.005411065996129745, 0.9999819076264913, 0.7270294595610478], [0.0, 0.0, 0.0, 1.0]], [[0.9999802751488618, -0.005431620769582459, -0.0031538562144803905, 0.17474285215253257], [0.005449934987761896, 0.9999681677538608, 0.005827665709018623, -0.4382957342162019], [0.0031221021500498184, -0.0058447390705097906, 0.9999780455106815, 0.8816812415257936], [0.0, 0.0, 0.0, 1.0]], [[0.999833202932915, 0.0097016762375187, -0.015473971406548775, 0.5672040688980513], [-0.009430464004135566, 0.9998023063492214, 0.017504701295470115, -0.771425977258758], [0.015640737245252556, -0.01735585483228353, 0.9997270335653956, 0.28841203495916523], [0.0, 0.0, 0.0, 1.0]], [[0.999999916994832, 0.00035086780965127966, 0.00020712824316129034, -0.1095474719153635], [-0.00035134861114517843, 0.9999972335541808, 0.002325819885301091, -0.6948180838797715], [-0.00020631161482317207, -0.0023258924664667224, 0.9999972738261602, 0.7107933427213253], [0.0, 0.0, 0.0, 1.0]], [[0.9999706564341746, 0.001513271581066726, 0.007509745650095496, -0.7194996520080124], [-0.0015905588581186163, 0.9999457264985713, 0.010296318748162383, -0.13316766496441487], [-0.007493756943352802, -0.010307961309921525, 0.9999187914728405, 0.6816059297664783], [0.0, 0.0, 0.0, 1.0]], [[0.9999919373743211, 0.002900269129046587, -0.002777341414211123, -0.49348464691810967], [-0.002890736895791991, 0.9999899392204868, 0.00343002886377235, -0.22299391625807638], [0.0027872614788164427, -0.0034219726454350692, 0.9999902605909028, 0.8406822370973074], [0.0, 0.0, 0.0, 1.0]], [[0.9998704728283222, 0.0005255641854080567, -0.0160860606847811, 0.503664836847007], [-0.00039564437572797766, 0.9999672887991805, 0.008078663079032877, -0.6431756234283129], [0.01608978034639983, -0.008071252313215758, 0.9998379738010059, 0.5767554613098979], [0.0, 0.0, 0.0, 1.0]], [[0.9999909438534956, -0.003541628220830161, -0.002359889942458428, -0.4814584382796892], [0.0035581084662889458, 0.999969055455392, 0.007016266513861779, -0.2387638177677522], [0.0023349679092481064, -0.00702459971790803, 0.9999726010864827, 0.8433205887712608], [0.0, 0.0, 0.0, 1.0]], [[0.999979106426969, -0.004998737351098847, -0.004098699112573757, 0.23891050251647628], [0.005003417766086927, 0.999986841575314, 0.0011324693749833938, -0.40858497943494226], [0.004092984263186153, -0.001152953217608894, 0.9999909590484808, 0.8808973177526546], [0.0, 0.0, 0.0, 1.0]], [[0.9999952839589276, -0.0004790339693849759, 0.003033576496486234, 0.0319223807555604], [0.0004950038043073696, 0.9999860130741558, -0.005265797877669234, -0.1937075563636213], [-0.0030310115700174474, 0.005267274675856608, 0.9999815342226832, 0.9805398135210418], [0.0, 0.0, 0.0, 1.0]], [[0.999842354591023, -6.378116537389153e-05, -0.017755615952198774, 0.5517281675288127], [0.0002653176895986657, 0.9999355690128057, 0.01134845494151325, -0.7320004134119462], [0.01775374812265334, -0.011351376788694975, 0.9997779506833498, 0.3997141669901103], [0.0, 0.0, 0.0, 1.0]], [[0.9999907306909851, 0.0006407978586646002, 0.004257688365133791, -0.37126037539172324], [-0.000646503916227263, 0.9999988946406113, 0.0013389362351119234, -0.34827901397728894], [-0.004256825671385583, -0.0013416764363004725, 0.9999900396201673, 0.8607365770858487], [0.0, 0.0, 0.0, 1.0]], [[0.9999929457374777, 0.003437558331729518, 0.0015138256169672012, -0.3963729445177074], [-0.0034415681397509516, 0.999990555369525, 0.002654200536598455, -0.2814878773086421], [-0.0015046873502757808, -0.0026593917471836336, 0.99999533176486, 0.8738724558205494], [0.0, 0.0, 0.0, 1.0]], [[0.9999981725155942, -0.00023870069545897925, 0.0018968361684484842, -0.6981580486449422], [0.0002377062733164543, 0.9999998342180745, 0.0005244612008647539, -0.08220948117472236], [-0.0018969610432406146, -0.0005240093525633785, 0.9999980634746244, 0.7112080682648038], [0.0, 0.0, 0.0, 1.0]], [[0.999994600476639, -0.003239475317443185, -0.000552102557772023, -0.5253275572038489], [0.003242661856826769, 0.999977502505445, 0.005871935545852904, -0.2486279050695205], [0.00053306814658086, -0.005873694122104237, 0.9999826076266084, 0.8137660163465085], [0.0, 0.0, 0.0, 1.0]], [[0.9999898157624224, -0.004277242013156534, 0.0014399903463317197, -0.476988850235713], [0.0042733529656532035, 0.9999872428178914, 0.0026930755470918493, -0.09128521736914964], [-0.0014514909119872303, -0.0026868945331537356, 0.9999953368750776, 0.8741559557656238], [0.0, 0.0, 0.0, 1.0]], [[0.9999715549305438, 