{"poses": [[[0.9999974055376757, -0.002093943828287447, -0.000896837310438296, 0.4481707829798222], [0.002094153472696044, 0.9999977801405683, 0.00023288445381834568, -0.31190855797180256], [0.0008963476726207306, -0.00023476196457640583, 0.9999995707237428, 0.8377684565047981], [0.0, 0.0, 0.0, 1.0]], [[0.9999974055376759, -0.0020939438282876798, -0.0008968373104371271, -0.35336488966205043], [0.002094153472695069, 0.9999977801405685, 0.000232884453816858, -0.33697472829716746], [0.0008963476726195653, -0.00023476196457632457, 0.9999995707237428, 1.4351897856254892], [0.0, 0.0, 0.0, 1.0]], [[0.9999958848220917, -0.002838929622225043, 0.0004133007169891728, 0.400717828953244], [0.0028388216487640885, 0.9999959363204464, 0.00026159939061181313, -0.03229020606959343], [-0.0004140416997264911, -0.00026042502706226416, 0.999999880374131, 0.8533594174454842], [0.0, 0.0, 0.0, 1.0]], [[0.9999958848220917, -0.0028389296222253793, 0.00041330071699311924, -0.1288881138267745], [0.002838821648764032, 0.9999959363204464, 0.000261599390619818, -0.7632434695117472], [-0.00041404169973012706, -0.0002604250270697025, 0.9999998803741312, 0.4229818654971358], [0.0, 0.0, 0.0, 1.0]], [[0.9999958848220919, -0.002838929622224546, 0.0004133007169889585, 0.7631459310167059], [0.0028388216487631453, 0.9999959363204464, 0.00026159939061889026, -0.5166497664315673], [-0.0004140416997262967, -0.0002604250270683428, 0.9999998803741312, 0.8017520674282008], [0.0, 0.0, 0.0, 1.0]], [[0.999995884822089, -0.00283892962303597, 0.00041330071891993776, -0.16118414517233792], [0.0028388216495735434, 0.9999959363204438, 0.0002615993913464709, -0.855366663739754], [-0.0004140417016592673, -0.0002604250277900751, 0.9999998803741305, 0.6260110710912622], [0.0, 0.0, 0.0, 1.0]], [[0.9999958848220898, -0.0028389296228273166, 0.000413300718978626, 0.6776155517969519], [0.002838821649364988, 0.9999959363204444, 0.0002615993913419954, -0.7509755819678936], [-0.00041404170171788836, -0.00026042502778561653, 0.9999998803741305, 0.09167262328905168], [0.0, 0.0, 0.0, 1.0]], [[0.9999958848220899, -0.0028389296227844516, 0.0004133007190281649, 0.3163168409434144], [0.00283882164932219, 0.9999959363204447, 0.0002615993913144358, -1.0362627531235469], [-0.0004140417017672821, -0.00026042502775793424, 0.9999998803741305, -0.7960629683737648], [0.0, 0.0, 0.0, 1.0]], [[0.9999958848220908, -0.002838929622805563, 0.00041330071867629037, 0.6297344736545978], [0.00283882164934299, 0.9999959363204439, 0.0002615993914275128, -1.3815418682826217], [-0.00041404170141651295, -0.0002604250278726114, 0.9999998803741306, 0.08855660620510142], [0.0, 0.0, 0.0, 1.0]], [[0.999969509813035, -0.001198605720471981, -0.007716397385377098, 1.6126423785859338], [0.0012072522241408554, 0.999998648568923, 0.001115975983034086, -1.5105376284247753], [0.007715049342000215, -0.0011252575946259493, 0.9999696054425842, 0.21990407170599663], [0.0, 0.0, 0.0, 1.0]], [[0.9999695098130361, -0.0011986057203634093, -0.007716397385184845, 1.454211017594948], [0.00120725222403259, 0.9999986485689228, 0.001115975983060325, -1.3624874915530436], [0.007715049341806689, -0.0011252575946514522, 0.9999696054425856, -0.7563032009325985], [0.0, 0.0, 0.0, 1.0]], [[0.999883211072111, -0.0016131727243581633, -0.015197430371225501, 0.8297187543755787], [0.0015621333278431962, 0.9999931024228009, -0.0033696952810618993, -1.1455666557160644], [0.015202761446290975, 0.003345561325478924, 0.9998788342913485, -0.006000103635085741], [0.0, 0.0, 0.0, 1.0]], [[0.9998942090401524, -0.002963630613956031, -0.014240351876094582, 1.1813160506048639], [0.002899490600694829, 0.9999855692365004, -0.004522640048568147, -1.2974888505693338], [0.014253549811446315, 0.004480871827717627, 0.9998883728224055, 0.9177417593847629], [0.0, 0.0, 0.0, 1.0]], [[0.9999094299788402, -0.008056525206498995, 0.010780734714808775, 1.3019750449428544], [0.008129611911757605, 0.9999441528698388, -0.006752818047691016, -1.4060676662252614], [-0.010725728392899892, 0.006839849634169186, 0.9999190843300398, 1.9044798468697803], [0.0, 0.0, 0.0, 1.0]], [[0.9995069273698669, -0.008461388058042148, 0.03023751067437098, 1.505767833143902], [0.008723006262491945, 0.9999255654412328, -0.008530693921084073, -1.3525368228428472], [-0.03016307844693715, 0.008790249664367072, 0.9995063382537621, 2.8820293171849736], [0.0, 0.0, 0.0, 1.0]], [[0.9984476888539535, -0.00023042385918789856, 0.05569703337744266, 1.6016017720284619], [0.0021868699438893665, 0.9993825294966165, -0.03506818125869277, -1.1768052075810187], [-0.05565456155654744, 0.03513554669830664, 0.9978316807639261, 3.8617917000469566], [0.0, 0.0, 0.0, 1.0]], [[0.9987053780903055, 0.00014417702360837827, 0.0508679367233328, 1.4479160636640587], [0.0018129100690550631, 0.9992598175984739, -0.038425646255427034, -1.3444475484913438], [-0.05083582526707734, 0.038468118566565, 0.9979658925651548, 4.835586710061175], [0.0, 0.0, 0.0, 1.0]], [[0.999775114630153, 0.007245014440018218, 0.019930627988865322, 1.758938731868477], [-0.00637638459130266, 0.9990414986988344, -0.04330618428276315, -1.4682762626058552], [-0.020225278386477263, 0.04316936000628745, 0.9988630258803451, 5.77788782558312], [0.0, 0.0, 0.0, 1.0]], [[0.9998358466564065, 0.015660634385528387, -0.00911176555398038, 2.155658346456377], [-0.015969652902202928, 0.9992634734996259, -0.03489241630567252, -1.62718752859896], [0.008558617122592435, 0.03503220033209037, 0.9993495359546846, 6.6819678778110045], [0.0, 0.0, 0.0, 1.0]], [[0.9999737607760127, 0.004604697802632946, -0.005592362436893591, 1.2898994544620555], [-0.004648315723014544, 0.9999586839199588, -0.00781176126141678, -2.0981978457871784], [0.00555616058248385, 0.007837551353105359, 0.9999538498692682, 6.851115255021035], [0.0, 0.0, 0.0, 1.0]], [[0.9993429129901312, 0.013066747705856693, -0.03380831792314842, 1.6755432633580325], [-0.013098725045478078, 0.9999139455340698, -0.0007245196166312094, -2.4780284530978025], [0.03379594145136631, 0.001166889404925957, 0.9994280728049088, 7.6919526925674315], [0.0, 0.0, 0.0, 1.0]], [[0.998975923919581, 0.01163097384570367, -0.043724408245541135, 1.0511376852660947], [-0.01149673531924117, 0.999928397695413, 0.0033203251776852496, -2.8798518724488145], [0.04375989609244466, -0.0028142369635049997, 0.9990381131690087, 8.361770292990808], [0.0, 0.0, 0.0, 1.0]], [[0.9986326100756309, 0.0046945782937982605, -0.05206602566145496, 0.519491807642104], [-0.004324353752862426, 0.9999645775802146, 0.0072210490543617775, -3.273580088322584], [0.052098081136986295, -0.006986023151178594, 0.9986175371093664, 9.111657474869382], [0.0, 0.0, 0.0, 1.0]], [[0.9984073752635835, 0.003954317244849207, -0.05627678379590982, -0.03930761932809079], [-0.0036705408937852974, 0.9999800279335801, 0.005144984305677643, -3.3467749724928817], [0.05629600473241009, -0.004930224040113219, 0.9984019494883233, 9.937723855821265], [0.0, 0.0, 0.0, 1.0]], [[0.9989503327898126, -0.0032158846069122817, -0.04569344269498899, -0.925754585638526], [0.004796632145083182, 0.9993922473317621, 0.03452721091019662, -3.809517002997149], [0.04555463685718415, -0.03471014346509824, 0.9983586434751013, 9.946752697807705], [0.0, 0.0, 0.0, 1.0]], [[0.997983448249553, 0.00363667333312728, -0.06337043180381544, -1.8405432411120863], [-0.001020290009544136, 0.9991474818255244, 0.0412706744555058, -3.9219527582905416], [0.06346649532021013, -0.041122793786223105, 0.9971363596835633, 10.334721649403622], [0.0, 0.0, 0.0, 1.0]], [[0.9970620950529439, 0.009489582209345399, -0.0760074104158823, -2.797318236361105], [-0.006221374679660134, 0.9990505091263091, 0.043120467432077286, -3.891570894166651], [0.07634443729396063, -0.04252091301886393, 0.996174431939665, 10.623959553378738], [0.0, 0.0, 0.0, 1.0]], [[0.9952298365527943, 0.018495525641853423, -0.09578876743299292, -3.713660742255403], [-0.014318930925014286, 0.9989241708819335, 0.04410747153271477, -3.9158231128813386], [0.09650150595853463, -0.04252547893999806, 0.994423975469549, 11.023619648803729], [0.0, 0.0, 0.0, 1.0]], [[0.9961203865693659, 0.018711084603965485, -0.08598878283731823, -4.696732484518687], [-0.015742075991901815, 0.9992606146472792, 0.035077215656459576, -3.7608122497045935], [0.08658153674060969, -0.03358748766561594, 0.9956784210617151, 11.12130049520859], [0.0, 0.0, 0.0, 1.0]], [[0.9929440043152618, 0.022657170197928518, -0.11639955727148685, -5.548680897056741], [-0.017657141998235707, 0.9988838828491603, 0.04380883381969601, -4.027995120612588], [0.11726222593329137, -0.04144443536603894, 0.9922358233536844, 11.571630580374148], [0.0, 0.0, 0.0, 1.0]], [[0.989961177551794, 0.024842555492212298, -0.13913919065771696, -6.2161012127538156], [-0.018623276208756916, 0.9987759470760768, 0.04582336877119476, -4.053917794318005], [0.14010724650609835, -0.04277212852904266, 0.9892120624505037, 12.315860471869486], [0.0, 0.0, 0.0, 1.0]], [[0.9897748638427036, 0.024670108545821398, -0.14048880613592551, -7.2130093266578434], [-0.017267586007393965, 0.9984094871271406, 0.053668673246129894, -4.116686450729159], [0.14158936887576556, -0.050694001211780935, 0.9886266074016558, 12.268591627736944], [0.0, 0.0, 0.0, 1.0]], [[0.9876419555193362, 0.028381122908517343, -0.1541359126238787, -8.119269039980544], [-0.021664622729900877, 0.9987483587470126, 0.045081703851141214, -3.84696965743342], [0.15522245913499608, -0.04118528575356171, 0.9870206484250911, 12.594085387848809], [0.0, 0.0, 0.0, 1.0]], [[0.9863887592665499, 0.0300126428809165, -0.16166773598928832, -9.051742612259002], [-0.018125157940618544, 0.997055554112021, 0.07450973536391835, -4.18215267584071], [0.16342794816746428, -0.07056531217018865, 0.9840283748328106, 12.459380569678721], [0.0, 0.0, 0.0, 1.0]], [[0.9862634981140602, 0.02905227001791449, -0.16260466750566033, -9.929349611985666], [-0.017836450924976165, 0.9973864077176314, 0.07001581763089094, -3.82634624278633], [0.1642138036409278, -0.06615375504782432, 0.9842039968354414, 12.780640133973652], [0.0, 0.0, 0.0, 1.0]], [[0.9817740076866605, 0.035004343972441364, -0.1868006791581205, -10.60903485307023], [-0.0227150437279227, 0.9974587425655976, 0.06752839156901609, -3.7877299136740783], [0.18868975758984563, -0.062054434027866014, 0.9800741923947252, 13.513126837266288], [0.0, 0.0, 0.0, 1.0]], [[0.9754655602120048, 0.04183848204719423, -0.21613995988772913, -11.48790912796584], [-0.026225502266493617, 0.9968681663230462, 0.07460617938616657, -3.6966633410091], [0.21858445477927468, -0.06710737956228986, 0.9735077995255798, 13.981407594417636], [0.0, 0.0, 0.0, 1.0]], [[0.9672943147212735, 0.029651141760788917, -0.25191768199192777, -12.083824550340289], [-0.015348648692931507, 0.9981663999116854, 0.05855131997358786, -3.212062623785649], [0.2531918791967972, -0.05276976292944709, 0.9659757887386053, 14.621756653150285], [0.0, 0.0, 0.0, 1.0]], [[0.9614881783606549, 0.03215455920574027, -0.27295891118444243, -13.007993261676816], [-0.015637127842786685, 0.9979240712939762, 0.062474220002225425, -3.5892147366179907], [0.2744010989510435, -0.055799930594424924, 0.9599950024037225, 14.682324676806138], [0.0, 0.0, 0.0, 1.0]], [[0.9425861499061411, 0.039900964583074586, -0.3315709019658699, -14.00589231083243], [-0.01840518254250528, 0.9975345577484149, 0.06772042050411471, -3.6523098218331556], [0.33345554315485343, -0.05772970745653478, 0.940996642723177, 14.697040093300703], [0.0, 0.0, 0.0, 1.0]], [[0.939610417214316, 0.024331738462458338, -0.34137989156618037, -14.482919828388864], [-0.007609694516670035, 0.9987082957963068, 0.050237759275290735, -2.8345301010793165], [0.34216130174481457, -0.044606125263617714, 0.9385818755853246, 15.01903562119035], [0.0, 0.0, 0.0, 1.0]], [[0.9100167053882824, 0.02362137027900405, -0.41389808743264567, -14.626487155564373], [-0.003292699283029343, 0.9987557762403925, 0.04975999957682464, -2.778572863665859], [0.41455850497329316, -0.04391958893928938, 0.9089622190507796, 16.007092914044613], [0.0, 0.0, 0.0, 1.0]], [[0.8795884658926145, 0.05916744416459261, -0.47204167635888944, -14.850192232398566], [-0.033312913917553144, 0.997460481182316, 0.0629510781946334, -3.1411119152853386], [0.47456757204322686, -0.039645958565464295, 0.8793257744058386, 16.911814684273903], [0.0, 0.0, 0.0, 1.0]], [[0.8660030183724337, 0.06953450436717823, -0.49518049726564184, -15.83288360353625], [-0.04233614697864876, 0.9969243601494588, 0.0659505178114391, -3.076466927799676], [0.49824333696381984, -0.036149313174735714, 0.866283327975414, 16.738209682976695], [0.0, 0.0, 0.0, 1.0]], [[0.8545791156161596, 0.07361347653755322, -0.5140774175401607, -16.804990283222995], [-0.04228225999660556, 0.9964788106345729, 0.07240297263157422, -3.187184364081578], [0.5175970881315772, -0.040137713292658424, 0.8546825248765502, 16.53144828037748], [0.0, 0.0, 0.0, 1.0]], [[0.8485116570722697, 0.0807147750046825, -0.522984792234361, -17.700876965366465], [-0.04408830619343379, 0.9956457831329486, 0.08213218483988731, -3.3487715209465914], [0.5273368838507995, -0.04663260260292427, 0.8483756310178958, 16.117592466166908], [0.0, 0.0, 0.0, 1.0]], [[0.823555161789884, 0.09053527004642134, -0.5599645170605569, -18.128237661543942], [-0.05339921223993637, 0.9951706965290499, 0.08236388105256934, -3.5966379516744755], [0.5647171146878753, -0.03792953529254461, 0.8244124760889414, 16.987031975099804], [0.0, 0.0, 0.0, 1.0]], [[0.8070837139356326, 0.09434875702599813, -0.5828500585463793, -18.498313924858433], [-0.054995953723920826, 0.9948713573357633, 0.08489067926984051, -3.7180343363323782], [0.5878701589414702, -0.03645948985582341, 0.8081332698420419, 17.908067518772835], [0.0, 0.0, 0.0, 1.0]], [[0.7923223605242941, 0.0920211786698612, -0.603123022019076, -18.85896793913206], [-0.0499984827494203, 0.9950282751967142, 0.08613293958649341, -3.5707845565427774], [0.6080505149541228, -0.038089817999870865, 0.7929840711065826, 18.829070328992362], [0.0, 0.0, 0.0, 1.0]], [[0.7751412866802925, 0.09039974864137112, -0.6252870309939271, -19.372026826087193], [-0.046271167936930174, 0.995175400028316, 0.08651532925578112, -3.587786024077418], [0.63009123522025, -0.03812884241699382, 0.7755844420013634, 19.687255344095995], [0.0, 0.0, 0.0, 1.0]], [[0.7631463074553031, 0.09159347089331749, -0.639701766065292, -19.748747428086038], [-0.0420164985402575, 0.9948426481475929, 0.0923185749299882, -3.4948158246924335], [0.644858377682852, -0.04357455124727672, 0.7630589303689757, 20.608905036409016], [0.0, 0.0, 0.0, 1.0]], [[0.7604495090350837, 0.0900107169257102, -0.6431287701905603, -20.382637961619494], [-0.04012058335845751, 0.9949676236342708, 0.0918137610086395, -3.331705924422203], [0.6481565266193686, -0.044017028047034765, 0.7602339233700565, 21.364932784124726], [0.0, 0.0, 0.0, 1.0]], [[0.7651718991592926, 0.08610083110842098, -0.6380427976393147, -21.12860129613992], [-0.03919570781356235, 0.9954088930451638, 0.08732028478880573, -3.294255074234729], [0.6426318240065322, -0.041806489078165275, 0.7650336961500466, 22.02986598450172], [0.0, 0.0, 0.0, 1.0]], [[0.7710767127185216, 0.0790623275050675, -0.6318147287557351, -21.94421624890083], [-0.03250427986722588, 0.9958550738626931, 0.08494788786218287, -3.4263689716746604], [0.6359120811036056, -0.044964655357444754, 0.7704505207182837, 22.59317597878749], [0.0, 0.0, 0.0, 1.0]], [[0.7833042105147595, 0.0853467586396201, -0.6157519342881212, -22.249088124515378], [-0.03287264992918324, 0.9948314486951398, 0.09607173139777118, -3.4768782236364117], [0.6207687996963842, -0.05501199393624944, 0.7820612366347507, 23.54422905178517], [0.0, 0.0, 0.0, 1.0]], [[0.7905853392308969, 0.08473419002042491, -0.6064609949821613, -22.857132375982577], [-0.03338665394744435, 0.9948713426022069, 0.09547954234849845, -3.484311257370099], [0.6114410459981959, -0.055237023005109104, 0.7893596889619916, 24.338097361163676], [0.0, 0.0, 0.0, 1.0]], [[0.7986745959638583, 0.08556386228029077, -0.5956489865966785, -23.46520271277272], [-0.03716357779213308, 0.9949635096340786, 0.09309394707674473, -3.564862639335506], [0.6006144838810189, -0.052215323118011976, 0.7978319383078281, 25.12788337312281], [0.0, 0.0, 0.0, 1.0]], [[0.8033355215228062, 0.08742345880341997, -0.5890748498370396, -23.66318030403769], [-0.03773192156463901, 0.994650638762682, 0.09615824927707223, -3.676958166027081], [0.5943301624137275, -0.055020411301967, 0.8023368447138904, 26.10165926894239], [0.0, 0.0, 0.0, 1.0]], [[0.8094854892114455, 0.08742185457975375, -0.5805950930708477, -24.168071767135586], [-0.03986026929555983, 0.9947542068267847, 0.09420842282992735, -3.550178203341542], [0.5857852863360423, -0.05311767448084069, 0.8087237544241884, 26.955480940918513], [0.0, 0.0, 0.0, 1.0]], [[0.8140354201486709, 0.08342761040731471, -0.5747922829728188, -24.524126294365175], [-0.040279152836882694, 0.9953563973942465, 0.08742557985562546, -3.4232519440400404], [0.57941688324567, -0.048015372414195276, 0.8136157566209041, 27.88128594433658], [0.0, 0.0, 0.0, 1.0]], [[0.8218886540274083, 0.08364204112792134, -0.5634740893217484, -24.92097516508137], [-0.04227088310591359, 0.9953894554251889, 0.08609880643652472, -3.240413280312194], [0.5680776468252104, -0.04694508477255391, 0.8216349226957407, 28.780775241589723], [0.0, 0.0, 0.0, 1.0]], [[0.8309897241528169, 0.07951200427616645, -0.5505759888774807, -25.47375386221394], [-0.037553519557666414, 0.9954927902332671, 0.0870852327459635, -3.139803518249394], [0.5550187488015736, -0.051690867371063084, 0.8302302347597138, 29.608007600659406], [0.0, 0.0, 0.0, 1.0]], [[0.8371980002443138, 0.07664464703785763, -0.5415026375442383, -25.91557513688906], [-0.03555049706381079, 0.9956638126824836, 0.08596356363657805, -3.2614783761521404], [0.545743227667961, -0.05271783564435834, 0.8362925081928791, 30.49682096718312], [0.0, 0.0, 0.0, 1.0]], [[0.8449480499562192, 0.07882617673500812, -0.529007775686261, -26.552158622623107], [-0.04002380078732184, 0.9956253968019855, 0.08442845855178481, -3.1399542123664244], [0.533348749174238, -0.05016475958513268, 0.8444066607091917, 31.258393909103045], [0.0, 0.0, 0.0, 1.0]], [[0.849817257706008, 0.07660327379166981, -0.52148112808561, -27.049929987746182], [-0.03568761355135387, 0.9954744885240104, 0.08807347464971202, -3.2960655632279683], [0.5258678757483237, -0.05623594173001833, 0.8487051879856101, 32.111536870265574], [0.0, 0.0, 0.0, 1.0]], [[0.8550878425228492, 0.07217405552494971, -0.5134351831328882, -27.46696557117332], [-0.03547048438004916, 0.9960870232091638, 0.08094743314124193, -2.9590989794099096], [0.5172684277118302, -0.05100537131902822, 0.8543019523500724, 32.95565466193048], [0.0, 0.0, 0.0, 1.0]], [[0.8607914299482011, 0.08022237642327273, -0.5025957465485908, -27.779167484349443], [-0.039514788090637055, 0.995052907939788, 0.09114983226933564, -2.907293754768558], [0.5074216152765744, -0.058601030038540856, 0.859702985704098, 33.904256889232485], [0.0, 0.0, 0.0, 1.0]], [[0.8682588290178613, 0.08136093366736702, -0.48939452827479374, -27.168789640109203], [-0.041565274938236786, 0.9949224022315711, 0.09166101383397773, -2.7502220116576646], [0.49436720537657586, -0.05924366641707295, 0.8672319495023366, 33.12787601707969], [0.0, 0.0, 0.0, 1.0]], [[0.8751183290961724, 0.0769489786099092, -0.4777517815464605, -27.152962739826364], [-0.03763710983558763, 0.9951086796664439, 0.09133544556049705, -3.0505547086070264], [0.48244311378975246, -0.061948126229948525, 0.8737339821784734, 34.081579216504714], [0.0, 0.0, 0.0, 1.0]], [[0.8779864535040653, 0.06653032816649, -0.47403955836766887, -26.99328311513592], [-0.026039672987229458, 0.9954661876781996, 0.09148226396495075, -3.747001107798549], [0.47797669701992396, -0.06797635341420873, 0.875738255691983, 34.78119686187456], [0.0, 0.0, 0.0, 1.0]], [[0.8875448264174577, 0.06088021953766031, -0.45668126737217074, -27.548992373206715], [-0.023555959787825174, 0.9959308748507122, 0.08698740873007399, -3.7588587152620825], [0.4601187866823984, -0.06644765901176976, 0.8853673874464651, 35.61248898646655], [0.0, 0.0, 0.0, 1.0]], [[0.8917705699901366, 0.057295689660393494, -0.44884569112981954, -27.44094902564121], [-0.027209977339293485, 0.9969460011227383, 0.07320032772181206, -3.0175694789805627], [0.4516689801532358, -0.053064816891467984, 0.8906061180879109, 36.27492154139864], [0.0, 0.0, 0.0, 1.0]], [[0.8983959730278513, 0.060198582921829, -0.4350411546756715, -27.961063116362638], [-0.03104182016408794, 0.9967879006010213, 0.07382605648627959, -2.832473261779829], [0.43808798322738934, -0.05282056256438578, 0.8973789094480363, 37.108720480988346], [0.0, 0.0, 0.0, 1.0]], [[0.9020863227249978, 0.059829942998421454, -0.42738816580866457, -28.38183716098423], [-0.032189058530219666, 0.9969127256098395, 0.0716162134443417, -2.7587018310219396], [0.43035349523784533, -0.05084678394916113, 0.9012272042601706, 38.01288139791342], [0.0, 0.0, 0.0, 1.0]], [[0.9050097729998149, 0.058280559129480144, -0.42137950496242327, -28.928209077676613], [-0.029046099635725825, 0.996724730264968, 0.07547275120323496, -2.83238797000116], [0.42439796756202347, -0.056064146348524524, 0.9037384448077005, 38.84717635952285], [0.0, 0.0, 0.0, 1.0]], [[0.9085441757343741, 0.05882192683918056, -0.41362720130821995, -29.48900654735315], [-0.028768326240698253, 0.9964972507698836, 0.07852141499858158, -2.9873583013518266], [0.41679714987563965, -0.0594408119981259, 0.9070539817037094, 39.660496961392816], [0.0, 0.0, 0.0, 1.0]], [[0.9079253629787285, 0.05975147005988478, -0.4148509335720782, -30.076131485858294], [-0.029994348031646637, 0.9965111013653961, 0.07788429842843052, -2.5595005218592037], [0.4180572620420575, -0.058269946638166786, 0.906549909807888, 40.347681111731724], [0.0, 0.0, 0.0, 1.0]], [[0.8898935900141479, 0.05394550093043656, -0.45296719680468484, -30.42852557264989], [-0.021415758142114716, 0.9968285947361935, 0.07664279496124743, -2.3662440639712825], [0.45566518821930146, -0.05850329602370677, 0.8882266605993299, 41.26336140124103], [0.0, 0.0, 0.0, 1.0]], [[0.871924720685287, 0.0612755378957094, -0.485790685288916, -30.642125677646458], [-0.03168197979496342, 0.9971198379962833, 0.068907770465633, -2.502607127873716], [0.4886138901158636, -0.04469157784039215, 0.8713547665882048, 42.230718691545576], [0.0, 0.0, 0.0, 1.0]], [[0.865643920269734, 0.06618611623311385, -0.4962660590026491, -31.21480160375345], [-0.03445919234328953, 0.9967491128126721, 0.07282698792486256, -2.504565926700046], [0.4994728895176338, -0.04594131174809998, 0.8651105296502724, 43.05049819910644], [0.0, 0.0, 0.0, 1.0]], [[0.8611413824698112, 0.06980243893952977, -0.5035505326340876, -31.889467418585344], [-0.03809377828071465, 0.9966038661209213, 0.07300409638603488, -2.6423463656629416], [0.5069362715907021, -0.04368470614453462, 0.8608758696785438, 43.775648241055926], [0.0, 0.0, 0.0, 1.0]], [[0.8524458455915364, 0.07166829703043558, -0.5178800397143007, -32.427559293371374], [-0.03933063231388391, 0.9965436432525177, 0.07317013362566799, -2.790984509379183], [0.5213340404150884, -0.042005027005879506, 0.8523182480803284, 44.60532516499732], [0.0, 0.0, 0.0, 1.0]], [[0.8268051889735349, 0.05345751772897005, -0.5599423838973895, -32.79349876295412], [-0.01235281862725871, 0.996959250549764, 0.07693933074328532, -2.4903087754502895], [0.5623527250386533, -0.056696971184704154, 0.82495143257048, 45.486053498563095], [0.0, 0.0, 0.0, 1.0]], [[0.8233634892900769, 0.05502920155412147, -0.5648401114301134, -33.32591282321047], [-0.013658124461150173, 0.9969209050277401, 0.07721505523461887, -2.614444264647341], [0.5673499979203962, -0.05586140076114359, 0.8215798705936842, 46.32338594623991], [0.0, 0.0, 0.0, 1.0]], [[0.81085514955694, 0.05522773267991646, -0.5826352409355494, -33.82931409384842], [-0.013342567585423666, 0.9970232299250174, 0.07593849406015293, -2.6366076528133693], [0.5850947806357715, -0.05380126887844607, 0.8091782999684638, 47.18715439750846], [0.0, 0.0, 0.0, 1.0]], [[0.7973032730070123, 0.04365262905824367, -0.601998288061193, -34.42085251768301], [-0.0018329694387078349, 0.9975517788537107, 0.0699077158033668, -2.223154941561785], [0.6035761187086045, -0.054634206154301826, 0.7954313122090126, 47.87935315615398], [0.0, 0.0, 0.0, 1.0]], [[0.7898411746313958, 0.04771903574416588, -0.6114522160271747, -35.14005070835091], [-0.004981722513551899, 0.9974348341396669, 0.0714068210017924, -2.3372277720262202], [0.6132912043211585, -0.053353962106209726, 0.7880528240098368, 48.564729956462166], [0.0, 0.0, 0.0, 1.0]], [[0.7860998115356944, 0.03838669556246347, -0.6169064336731617, -36.084112352392395], [0.0013194377065010548, 0.9979631703692726, 0.06377906922070063, -2.0980785074068997], [0.6180981680831021, -0.050950683904288745, 0.7844480112932946, 48.79178780933464], [0.0, 0.0, 0.0, 1.0]], [[0.7767642072444906, 0.04441227307468702, -0.6282236196961841, -36.46509481027724], [-0.005000869403203999, 0.9979139427196454, 0.0643642309901541, -1.6324871431071688], [0.6297716710436033, -0.04685416658186215, 0.7753659325923938, 49.590585041055036], [0.0, 0.0, 0.0, 1.0]], [[0.7708332958802334, 0.04617176564057547, -0.6353614703615941, -37.37225542904586], [-0.008340974821069587, 0.9980159629544079, 0.06240645661491813, -1.3894298504678209], [0.6369823059563382, -0.04280544061012239, 0.7696890515998819, 49.93407123377896], [0.0, 0.0, 0.0, 1.0]], [[0.7718724615846542, 0.04635800895406631, -0.6340850400798463, -38.184416483470365], [-0.010796504807832237, 0.9981500584768789, 0.059832234176460275, -1.0852481385661814], [0.6356857230827071, -0.03933695169209931, 0.7709450471339675, 49.43620790542398], [0.0, 0.0, 0.0, 1.0]], [[0.7440284048112917, 0.05302389761872376, -0.666040688783563, -38.700570147497885], [-0.01796325355303976, 0.9980731824761676, 0.05939060484363618, -1.1768187278448752], [0.6679064712635727, -0.032224039213330107, 0.7435472795599662, 50.28779478446143], [0.0, 0.0, 0.0, 1.0]], [[0.7427560794486257, 0.048161480495933266, -0.667827730959524, -39.20898222808434], [-0.020923707193647823, 0.9985921289305772, 0.04874380489027207, -1.8082541254174216], [0.6692350894262685, -0.02223132551931416, 0.74271809136864, 50.873291560484546], [0.0, 0.0, 0.0, 1.0]], [[0.7350722554434646, 0.04060303549175179, -0.6767718764739808, -39.84725429652342], [-0.017208687578911922, 0.9990008939629618, 0.04124408967383757, -1.551330976470235], [0.6777703448433504, -0.01867103023582821, 0.735036565267923, 51.59896315586643], [0.0, 0.0, 0.0, 1.0]], [[0.7281674690032156, 0.0329924920687057, -0.6846047272350276, -40.78708177242714], [-0.016172908651812496, 0.9993897529621686, 0.03096059915383841, -1.2812883131996582], [0.6852084165501726, -0.011472451408505804, 0.728256691522633, 51.808250790160336], [0.0, 0.0, 0.0, 1.0]], [[0.7218038147428605, 0.03355935600115618, -0.6912836050764122, -41.51818576021209], [-0.005528260150545577, 0.9990714032856115, 0.0427290238202937, -1.1919643050087396], [0.6920756399139952, -0.027020376787060124, 0.7213190749425155, 51.13185728697227], [0.0, 0.0, 0.0, 1.0]], [[0.7048445998439452, 0.035415499978784605, -0.7084771220244732, -41.991941029965844], [-0.007421040184186336, 0.9990664133551908, 0.04255854635896315, -1.2327522762676928], [0.7093229294428718, -0.024739524386206146, 0.7044493861873498, 52.01156878275643], [0.0, 0.0, 0.0, 1.0]], [[0.6985963684740913, 0.04126540337542269, -0.7143250523669692, -42.797622974528416], [-0.006398622686170901, 0.9986559484320732, 0.051433007776763615, -1.4168399868999764], [0.7154873664730463, -0.031360215967173415, 0.6979214606758871, 51.44855166288563], [0.0, 0.0, 0.0, 1.0]], [[0.6973215621660933, 0.04164009404833842, -0.715547861086792, -43.74854546460971], [-0.006391639849785779, 0.9986326172797257, 0.051884898044457645, -1.6719901931288814], [0.7167299253402734, -0.03160693393384062, 0.6966342051959802, 51.623608156995346], [0.0, 0.0, 0.0, 1.0]], [[0.6806259216297026, 0.044100897217193936, -0.7313025814738757, -44.035654057866104], [-0.007925764118063928, 0.9985714376867579, 0.05284189719677657, -1.7837427300867956], [0.732588245243443, -0.030169433220527092, 0.6800031383973845, 52.57496505697787], [0.0, 0.0, 0.0, 1.0]], [[0.6501207384384141, 0.05170768022624519, -0.7580694831332482, -44.13504074083474], [-0.016234122496223916, 0.9983993116733489, 0.05417811105021423, -1.9639942783470017], [0.7596574746022537, -0.0229157207133316, 0.6499195265762692, 53.55355161518037], [0.0, 0.0, 0.0, 1.0]], [[0.6571312025207984, 0.052522207227751534, -0.7519441471422547, -44.59213667656014], [-0.010865834712041092, 0.9981258728494137, 0.06022188625919595, -1.9499409946856672], [0.7536978945901233, -0.031403179720044035, 0.6564703527151038, 52.66424525154448], [0.0, 0.0, 0.0, 1.0]], [[0.6446753109627983, 0.060013995068890595, -0.762097148551868, -45.42549650231377], [-0.01575776246826567, 0.99774510591967, 0.06524106479318442, -2.2644628281749193], [0.764294077143751, -0.030050357888470006, 0.6441673226994405, 53.118764157168435], [0.0, 0.0, 0.0, 1.0]], [[0.6482185833002374, 0.051064173820360784, -0.7597401650671595, -46.23745419179609], [-0.019435102514207908, 0.9985333283170725, 0.05053186153606319, -1.9336544925394694], [0.7612062434416182, -0.017990063704191706, 0.6482602969127658, 52.63783733586955], [0.0, 0.0, 0.0, 1.0]], [[0.647250127295426, 0.05153604460843584, -0.7605335685044867, -47.200654333409354], [-0.020621526648419167, 0.9985306131227597, 0.050113544031356254, -2.018561472234384], [0.7619987042999142, -0.01675263450358955, 0.6473618183693333, 52.38281515149382], [0.0, 0.0, 0.0, 1.0]], [[0.6416064431386523, 0.050798655372580534, -0.7653500302053318, -48.1468534832794], [-0.020433348281667842, 0.9985824038283831, 0.049149374790905864, -1.9504043267931954], [0.7667617950843487, -0.015895891817512983, 0.6417348909186427, 52.06648971075142], [0.0, 0.0, 0.0, 1.0]], [[0.6352336636292768, 0.05065072664138016, -0.7706573145586979, -48.93257639078363], [-0.02265034530793063, 0.9986397217749525, 0.046964539289624074, -2.388682224549659], [0.7719877942361292, -0.01237780206477382, 0.6355168255573491, 52.50301235352789], [0.0, 0.0, 0.0, 1.0]], [[0.6335609667253266, 0.05272624750843334, -0.7718940628517271, -49.229133240612214], [-0.01694683962134335, 0.9983815363328609, 0.05428731469224235, -2.625803187751762], [0.7735071467471544, -0.021313158689525633, 0.6334291145801242, 53.42812191353701], [0.0, 0.0, 0.0, 1.0]], [[0.6524231521164497, 0.05266018899729135, -0.7560231048567245, -50.071869187149936], [-0.014139187817165203, 0.9982550969561462, 0.057331010534921546, -2.8353837736189327], [0.7577229796900136, -0.02671452593353123, 0.6520293092751608, 52.93226701181746], [0.0, 0.0, 0.0, 1.0]], [[0.6613262332571497, 0.04905259672623564, -0.7484927895179216, -50.81773187917234], [-0.005251217720346829, 0.9981377729080662, 0.06077343997659096, -2.9394181790011364], [0.7500800210100049, -0.03626057154193206, 0.660352279494129, 53.59019229660568], [0.0, 0.0, 0.0, 1.0]], [[0.6498405076498197, 0.07502294900835423, -0.7563589569374521, -50.26192048309605], [-0.019940966948186225, 0.9964570072469067, 0.08170551110982782, -3.4647707664243947], [0.759808971027983, -0.03801302185614603, 0.6490341575870804, 54.23445803471219], [0.0, 0.0, 0.0, 1.0]], [[0.6487265021496923, 0.07934692690824853, -0.7568738273971684, -51.06271622046309], [-0.0205310073932522, 0.9960124629781352, 0.08681964828111452, -3.8325467508319715], [0.7607446372759062, -0.04078282460122542, 0.6477687535482898, 54.70718100694453], [0.0, 0.0, 0.0, 1.0]], [[0.6415695527096913, 0.08584049935567631, -0.7622466252508111, -51.88980253630363], [-0.022886692740879577, 0.99541835758368, 0.09283583726558482, -3.9893366421160223], [0.766723358409849, -0.04211534228502636, 0.6405947155674538, 54.16741706710879], [0.0, 0.0, 0.0, 1.0]], [[0.5394826909180036, 0.05104628852715638, -0.8404479178553943, -52.641101301502594], [0.0444686496505829, 0.9950402368499963, 0.08898014524468584, -3.6293504357139996], [0.8408216014102697, -0.08537683220355465, 0.5345370250270463, 54.720553663755496], [0.0, 0.0, 0.0, 1.0]], [[0.5239520016632125, 0.05292399752181628, -0.8501019647309487, -53.25085602897737], [0.03902093049040299, 0.9955282912149013, 0.08602783488156544, -3.6068946203344345], [0.8508534932271143, -0.0782462259604734, 0.5195438972658314, 53.92828162072986], [0.0, 0.0, 0.0, 1.0]], [[0.48525004753133744, 0.06207796560578034, -0.8721689730534316, -54.01991645067704], [0.027644521369648782, 0.9958886540306722, 0.08626453043532206, -3.608837668426925], [0.873938311214862, -0.06597056130753216, 0.4815389010575295, 53.289108501408755], [0.0, 0.0, 0.0, 1.0]], [[0.46051292902559654, 0.06750639466898585, -0.8850823288706291, -54.61678669454458], [0.023947147744788625, 0.9957962216613107, 0.08841051430658145, -3.7907696436025557], [0.8873299140202382, -0.06190938219575358, 0.4569604491430156, 52.50766967487221], [0.0, 0.0, 0.0, 1.0]], [[0.438329402959855, 0.06480222575811156, -0.8964753237193137, -55.47880518014159], [0.022475703945168946, 0.9962954601979714, 0.0830072208972733, -3.8329134037676025], [0.8985333478692002, -0.05653341954732727, 0.4352491185990629, 52.00254785189721], [0.0, 0.0, 0.0, 1.0]], [[0.40397963620562405, 0.07630726928240243, -0.9115797574462868, -55.72331576432516], [0.01650538495570955, 0.9957444611522857, 0.09066719556716818, -4.30760764424003], [0.9146190604829112, -0.05167367549549582, 0.4010010043156396, 52.84805360535908], [0.0, 0.0, 0.0, 1.0]], [[0.3904149817890827, 0.07524373180363396, -0.9175590023638206, -56.327440022216884], [0.019096699419893365, 0.9957782032236957, 0.08978355114307678, -4.42676096582596], [0.9204409041681626, -0.052575191952646004, 0.3873298221480588, 53.63598530350292], [0.0, 0.0, 0.0, 1.0]], [[0.39473849599939587, 0.08223527518596088, -0.9151059388350734, -57.18659647736067], [0.019566127989816155, 0.9950082609379869, 0.09785564521608453, -4.6888656750199615], [0.9185851546871576, -0.056532470141139185, 0.39115903851006817, 53.19649546361397], [0.0, 0.0, 0.0, 1.0]], [[0.39331100107488903, 0.08329043217838511, -0.9156250107664183, -58.14230093688391], [0.022105515657954336, 0.9947435548193133, 0.09998303017481687, -4.809594272814111], [0.919139707885027, -0.059564788700873325, 0.38940240540609994, 52.92806748678246], [0.0, 0.0, 0.0, 1.0]], [[0.3933110010749013, 0.0832904321783752, -0.9156250107664139, -57.55991656068039], [0.022105515657957465, 0.9947435548193145, 0.0999830301748086, -4.531700119513409], [0.9191397078850214, -0.05956478870087398, 0.38940240540611254, 52.16412817223373], [0.0, 0.0, 0.0, 1.0]], [[0.39586877434394707, 0.08751163815482695, -0.914127795599104, -58.443625331527656], [0.023679735696977015, 0.994145116975893, 0.1054265455676002, -4.990383015199448], [0.9180017339944138, -0.06338138197021276, 0.3914787565153498, 52.071021691747305], [0.0, 0.0, 0.0, 1.0]], [[0.393483898273859, 0.09070148184844248, -0.9148462510114481, -59.218775400255254], [0.029426447318223893, 0.9933686611096536, 0.1111430939080352, -5.329022107022124], [0.9188604388031093, -0.07065369286681786, 0.3882055508192114, 52.60437519844816], [0.0, 0.0, 0.0, 1.0]], [[0.3782540394221139, 0.11037894285350806, -0.9190975849361119, -59.329411880311184], [0.021791971600125557, 0.9915287808936929, 0.12804603325856728, -6.046586690659078], [0.9254452937017081, -0.0684628777807068, 0.3726443917884069, 53.29202382504767], [0.0, 0.0, 0.0, 1.0]], [[0.3784048470437308, 0.11264907681119753, -0.9187600106814583, -60.10083038432963], [0.021417180147308548, 0.9912358626802686, 0.1303563152710646, -6.646891805706062], [0.9253923903557646, -0.06900471020224332, 0.3726758294302935, 53.5030860311688], [0.0, 0.0, 0.0, 1.0]], [[0.385099532518531, 0.12268613489574301, -0.9146838045785818, -61.01432602592788], [0.01886307416632972, 0.9898707669950048, 0.1407126471989098, -6.705450387159896], [0.9226822500118949, -0.07144212310025516, 0.3788845319618163, 53.100473779686475], [0.0, 0.0, 0.0, 1.0]], [[0.38219231133460685, 0.12693181582185467, -0.9153236319951944, -62.000683421521884], [0.016393669073324995, 0.9894340012855736, 0.14405417284598943, -6.817199560541195], [0.9239373814123086, -0.07006190999532975, 0.37607318968092035, 52.97959691006889], [0.0, 0.0, 0.0, 1.0]], [[0.36736523100178026, 0.13451633830259502, -0.9202978549256033, -62.41774394678271], [0.018317881649048122, 0.9882475540607807, 0.15176042667567977, -7.362238445586669], [0.9298963610332652, -0.07260941139104264, 0.3605837366195908, 53.7069160591753], [0.0, 0.0, 0.0, 1.0]], [[0.3656916618523952, 0.13967582873839798, -0.9201957787981163, -63.40283880052514], [0.022188363474702776, 0.9870860418132507, 0.15864684864116566, -7.479032810808896], [0.9304715390477867, -0.07843346813509577, 0.35786995696531015, 53.580633798767224], [0.0, 0.0, 0.0, 1.0]], [[0.36261653092828305, 0.1389069369394335, -0.9215281408441304, -64.18313866078911], [0.027776042773667287, 0.9867792271200458, 0.15967231560984227, -7.737288724398008], [0.9315244188669355, -0.08349622622895378, 0.353964175108372, 54.1502266438984], [0.0, 0.0, 0.0, 1.0]], [[0.36547674273305464, 0.13387734658287462, -0.9211425549789581, -65.10206543251475], [0.027780402616119734, 0.987593157388595, 0.15455744792704534, -7.770983577167963], [0.9304058252997622, -0.08207686367766931, 0.3572231637185839, 54.54321293728286], [0.0, 0.0, 0.0, 1.0]], [[0.3491009141246061, 0.1443016464183701, -0.9259079795521312, -65.36661362105995], [0.030782023098946433, 0.9857733140931456, 0.16523752683867193, -8.416796144480344], [0.9365794247213148, -0.08618589248114433, 0.33969246845629075, 55.259411495792584], [0.0, 0.0, 0.0, 1.0]], [[0.35294581547752646, 0.145767458949767, -0.924219183553463, -66.34344105763351], [0.029441044116665555, 0.985570254217693, 0.16668682888159134, -8.629322464511612], [0.9351804511741216, -0.08604139650544472, 0.3435613508955398, 55.23409913719938], [0.0, 0.0, 0.0, 1.0]], [[0.35383231797692904, 0.14943721492795664, -0.9232936745963589, -67.33202069001831], [0.02579811768253385, 0.9852188656002407, 0.16934652045265353, -8.772755148148391], [0.9349530190758899, -0.08373951074586786, 0.3447470760730687, 55.18786731960719], [0.0, 0.0, 0.0, 1.0]], [[0.3556186456495207, 0.14983654465424157, -0.9225423506552293, -68.24799063734281], [0.02571101948971195, 0.9851238050795865, 0.16991183638088483, -8.751320031754389], [0.9342774332837169, -0.08414332149137657, 0.34647594303962537, 54.78719342798058], [0.0, 0.0, 0.0, 1.0]], [[0.3556108167854388, 0.15409988746482572, -0.9218428128854286, -69.2227940715619], [0.028995878637146914, 0.9840203418944963, 0.17567926957927235, -8.8714875284854], [0.9341842355805744, -0.08920309087230863, 0.34546001587965686, 54.59926247187821], [0.0, 0.0, 0.0, 1.0]], [[0.3576037648366841, 0.15505378247297974, -0.92091143543527, -70.2123178930791], [0.03294565271930915, 0.98341173450846, 0.17837024527080994, -8.821573670296335], [0.9332920932599491, -0.09412589958077773, 0.3465633905746252, 54.46379586134067], [0.0, 0.0, 0.0, 1.0]], [[0.3595192833633149, 0.1520035334390706, -0.9206741066805149, -71.20642201529299], [0.04016934149173118, 0.9832077638245238, 0.17801381170939834, -8.927335559607995], [0.9322726580212779, -0.10098227060838162, 0.3473762688047725, 54.43989145734678], [0.0, 0.0, 0.0, 1.0]], [[0.3628608626497607, 0.1528406806521994, -0.9192234334996267, -72.14385899792391], [0.04404884639500388, 0.9825409411721696, 0.18075673722377725, -9.03024077459529], [0.9308016402479907, -0.10608027742369142, 0.34979319783748064, 54.10729195168391], [0.0, 0.0, 0.0, 1.0]], [[0.35907908858555576, 0.15654864522977538, -0.9200840884491415, -73.11025724997994], [0.04823837287446954, 0.9814013773802185, 0.18580741604856038, -9.021801790302318], [0.9320596909656587, -0.111102916941633, 0.3448490602047071, 53.85038108238225], [0.0, 0.0, 0.0, 1.0]], [[0.3418192880386898, 0.1625652925050943, -0.9255982389770714, -74.0567841755009], [0.047332531486619145, 0.9806962801339879, 0.1897220008181342, -9.105510304830817], [0.9385729624210364, -0.10866154703527475, 0.32752627743145873, 53.538804993325634], [0.0, 0.0, 0.0, 1.0]], [[0.30188698383119983, 0.17710968492866494, 