{"poses": [[[0.9999974055376757, -0.0020939438282874564, -0.00089683731043827, 0.44817078297982227], [0.002094153472696053, 0.9999977801405683, 0.00023288445381829535, -0.3119085579718026], [0.0008963476726207531, -0.00023476196457642578, 0.9999995707237428, 0.8377684565047981], [0.0, 0.0, 0.0, 1.0]], [[0.9999974055376759, -0.0020939438282876924, -0.0008968373104370787, -0.3533648915387999], [0.0020941534726950798, 0.9999977801405685, 0.00023288445381680823, -0.33697472835585857], [0.0008963476726196105, -0.00023476196457634395, 0.9999995707237428, 1.4351897870243167], [0.0, 0.0, 0.0, 1.0]], [[0.9999958848220917, -0.0028389296222250684, 0.00041330071698919633, 0.4007178270764945], [0.002838821648764097, 0.9999959363204464, 0.0002615993906117462, -0.03229020612828448], [-0.0004140416997264218, -0.00026042502706227674, 0.999999880374131, 0.8533594188443117], [0.0, 0.0, 0.0, 1.0]], [[0.9999958848220915, -0.0028389296222254084, 0.00041330071699313865, -0.12888812975495156], [0.002838821648764009, 0.9999959363204464, 0.0002615993906197386, -0.7632434889639838], [-0.00041404169973002867, -0.0002604250270697639, 0.9999998803741312, 0.4229818554772487], [0.0, 0.0, 0.0, 1.0]], [[0.9999958848220917, -0.0028389296222245826, 0.0004133007169890564, 0.7631458969388235], [0.0028388216487631266, 0.9999959363204464, 0.00026159939061881095, -0.5166497909011046], [-0.0004140416997261942, -0.00026042502706840785, 0.9999998803741315, 0.8017520497016939], [0.0, 0.0, 0.0, 1.0]], [[0.9999958848220888, -0.002838929623036028, 0.000413300718920036, -0.16118416026339077], [0.002838821649573548, 0.9999959363204438, 0.00026159939134642033, -0.8553666812516469], [-0.0004140417016591658, -0.0002604250277901549, 0.9999998803741307, 0.6260110569746824], [0.0, 0.0, 0.0, 1.0]], [[0.9999958848220896, -0.0028389296228273756, 0.00041330071897876505, 0.6776155426360745], [0.0028388216493650037, 0.9999959363204444, 0.0002615993913419548, -0.7509755987417588], [-0.00041404170171771006, -0.00026042502778571855, 0.9999998803741307, 0.09167260539478694], [0.0, 0.0, 0.0, 1.0]], [[0.9999958848220897, -0.002838929622784515, 0.00041330071902827644, 0.31631683305294167], [0.002838821649322219, 0.9999959363204447, 0.0002615993913144146, -1.0362627688942805], [-0.00041404170176711325, -0.0002604250277580432, 0.9999998803741307, -0.7960629831465588], [0.0, 0.0, 0.0, 1.0]], [[0.9999958848220906, -0.0028389296228056135, 0.00041330071867638074, 0.62973445591515], [0.0028388216493430525, 0.9999959363204437, 0.00026159939142746694, -1.3815418732031506], [-0.00041404170141635667, -0.00026042502787270263, 0.9999998803741308, 0.08855656363362863], [0.0, 0.0, 0.0, 1.0]], [[0.9999695098130348, -0.0011986057204720014, -0.007716397385377009, 1.6126423608464857], [0.0012072522241409235, 0.9999986485689227, 0.00111597598303404, -1.510537633345304], [0.007715049342000373, -0.0011252575946260413, 0.9999696054425844, 0.21990402913452403], [0.0, 0.0, 0.0, 1.0]], [[0.9999695098130359, -0.001198605720363444, -0.007716397385184756, 1.4542109967160524], [0.0012072522240326596, 0.9999986485689228, 0.0011159759830602928, -1.362487493539837], [0.0077150493418068405, -0.0011252575946515072, 0.9999696054425861, -0.7563032628484213], [0.0, 0.0, 0.0, 1.0]], [[0.9998832110721108, -0.0016131727243581845, -0.015197430371225387, 0.8297187334966832], [0.0015621333278432673, 0.9999931024228009, -0.003369695281061935, -1.145566657702858], [0.01520276144629114, 0.0033455613254788842, 0.9998788342913489, -0.006000165550908321], [0.0, 0.0, 0.0, 1.0]], [[0.9998942090401521, -0.002963630613956052, -0.014240351876094471, 1.1813160297259684], [0.0028994906006949246, 0.9999855692365004, -0.004522640048568172, -1.2974888525561274], [0.014253549811446463, 0.004480871827717595, 0.999888372822406, 0.9177416974689406], [0.0, 0.0, 0.0, 1.0]], [[0.99990942997884, -0.008056525206499002, 0.010780734714808882, 1.301975024063959], [0.008129611911757689, 0.9999441528698388, -0.006752818047691019, -1.406067668212055], [-0.010725728392899743, 0.006839849634169156, 0.9999190843300403, 1.9044797849539585], [0.0, 0.0, 0.0, 1.0]], [[0.9995069273698667, -0.008461388058042167, 0.0302375106743711, 1.5057678122650067], [0.008723006262492056, 0.9999255654412328, -0.008530693921084076, -1.3525368248296408], [-0.030163078446937015, 0.008790249664367046, 0.9995063382537626, 2.8820292552691527], [0.0, 0.0, 0.0, 1.0]], [[0.9984476888539533, -0.00023042385918792458, 0.05569703337744278, 1.6016017511495668], [0.0021868699438894906, 0.9993825294966165, -0.03506818125869278, -1.1768052095678123], [-0.055654561556547306, 0.03513554669830664, 0.9978316807639266, 3.8617916381311366], [0.0, 0.0, 0.0, 1.0]], [[0.9987053780903052, 0.00014417702360837133, 0.05086793672333291, 1.4479160427851638], [0.0018129100690551854, 0.9992598175984739, -0.03842564625542705, -1.3444475504781375], [-0.0508358252670772, 0.03846811856656499, 0.9979658925651552, 4.835586648145355], [0.0, 0.0, 0.0, 1.0]], [[0.9997751146301528, 0.00724501444001819, 0.01993062798886545, 1.758938710989582], [-0.006376384591302516, 0.9990414986988344, -0.04330618428276317, -1.4682762645926488], [-0.020225278386477114, 0.04316936000628744, 0.9988630258803456, 5.777887763667301], [0.0, 0.0, 0.0, 1.0]], [[0.9998358466564062, 0.01566063438552837, -0.009111765553980255, 2.155658325577482], [-0.015969652902202792, 0.9992634734996259, -0.034892416305672545, -1.6271875305857537], [0.008558617122592595, 0.035032200332090355, 0.999349535954685, 6.681967815895186], [0.0, 0.0, 0.0, 1.0]], [[0.9999737607760125, 0.004604697802632967, -0.005592362436893476, 1.2898994335831606], [-0.004648315723014436, 0.9999586839199588, -0.007811761261416815, -2.0981978477739722], [0.005556160582484005, 0.007837551353105333, 0.9999538498692686, 6.851115193105216], [0.0, 0.0, 0.0, 1.0]], [[0.999342912990131, 0.013066747705856707, -0.03380831792314828, 1.6755432424791377], [-0.013098725045478021, 0.9999139455340698, -0.0007245196166312458, -2.478028455084596], [0.033795941451366475, 0.001166889404925921, 0.9994280728049092, 7.691952630651613], [0.0, 0.0, 0.0, 1.0]], [[0.9989759239195808, 0.011630973845703675, -0.04372440824554096, 1.0511376643872001], [-0.0114967353192411, 0.999928397695413, 0.003320325177685213, -2.879851874435608], [0.04375989609244486, -0.0028142369635050474, 0.9990381131690091, 8.36177023107499], [0.0, 0.0, 0.0, 1.0]], [[0.9986326100756306, 0.004694578293798262, -0.05206602566145485, 0.5194917867632095], [-0.004324353752862367, 0.9999645775802146, 0.007221049054361753, -3.2735800903093777], [0.052098081136986475, -0.006986023151178642, 0.9986175371093668, 9.111657412953566], [0.0, 0.0, 0.0, 1.0]], [[0.9984073752635833, 0.003954317244849201, -0.05627678379590974, -0.03930764020698507], [-0.003670540893785256, 0.9999800279335801, 0.00514498430567762, -3.3467749744796755], [0.05629600473241024, -0.004930224040113261, 0.9984019494883237, 9.937723793905448], [0.0, 0.0, 0.0, 1.0]], [[0.9989503327898124, -0.0032158846069122865, -0.04569344269498891, -0.92575460651742], [0.004796632145083197, 0.9993922473317621, 0.0345272109101966, -3.8095170049839426], [0.045554636857184305, -0.034710143465098285, 0.9983586434751017, 9.946752635891889], [0.0, 0.0, 0.0, 1.0]], [[0.9979834482495528, 0.003636673333127273, -0.06337043180381537, -1.8405432619909803], [-0.0010202900095441364, 0.9991474818255244, 0.041270674455505786, -3.9219527602773354], [0.06346649532021031, -0.041122793786223154, 0.9971363596835637, 10.334721587487806], [0.0, 0.0, 0.0, 1.0]], [[0.9970620950529436, 0.00948958220934539, -0.07600741041588226, -2.797318257239999], [-0.006221374679660134, 0.9990505091263091, 0.04312046743207727, -3.891570896153445], [0.07634443729396084, -0.04252091301886398, 0.9961744319396655, 10.623959491462921], [0.0, 0.0, 0.0, 1.0]], [[0.9952298365527941, 0.018495525641853396, -0.09578876743299279, -3.7136607631342957], [-0.014318930925014281, 0.9989241708819335, 0.04410747153271474, -3.9158231148681324], [0.09650150595853482, -0.04252547893999811, 0.9944239754695494, 11.023619586887913], [0.0, 0.0, 0.0, 1.0]], [[0.9961203865693656, 0.018711084603965453, -0.08598878283731812, -4.696732505397581], [-0.015742075991901805, 0.9992606146472792, 0.035077215656459534, -3.7608122516913873], [0.08658153674060985, -0.033587487665616006, 0.9956784210617156, 11.121300433292774], [0.0, 0.0, 0.0, 1.0]], [[0.9929440043152615, 0.022657170197928515, -0.11639955727148671, -5.548680917935633], [-0.017657141998235693, 0.9988838828491603, 0.04380883381969595, -4.027995122599382], [0.11726222593329154, -0.04144443536603901, 0.9922358233536847, 11.571630518458331], [0.0, 0.0, 0.0, 1.0]], [[0.9899611775517938, 0.024842555492212273, -0.1391391906577168, -6.216101233632708], [-0.018623276208756888, 0.9987759470760768, 0.0458233687711947, -4.053917796304799], [0.14010724650609854, -0.04277212852904273, 0.989212062450504, 12.31586040995367], [0.0, 0.0, 0.0, 1.0]], [[0.9897748638427034, 0.02467010854582137, -0.14048880613592535, -7.213009347536736], [-0.01726758600739394, 0.9984094871271406, 0.05366867324612982, -4.116686452715953], [0.14158936887576576, -0.05069400121178099, 0.988626607401656, 12.268591565821128], [0.0, 0.0, 0.0, 1.0]], [[0.987641955519336, 0.028381122908517315, -0.15413591262387857, -8.119269060859436], [-0.021664622729900863, 0.9987483587470126, 0.04508170385114113, -3.8469696594202136], [0.15522245913499627, -0.041185285753561764, 0.9870206484250913, 12.594085325932992], [0.0, 0.0, 0.0, 1.0]], [[0.9863887592665495, 0.030012642880916474, -0.16166773598928819, -9.051742633137893], [-0.01812515794061854, 0.997055554112021, 0.07450973536391826, -4.182152677827504], [0.16342794816746442, -0.0705653121701887, 0.9840283748328108, 12.459380507762905], [0.0, 0.0, 0.0, 1.0]], [[0.98626349811406, 0.02905227001791449, -0.16260466750566013, -9.929349632864557], [-0.017836450924976162, 0.9973864077176313, 0.07001581763089086, -3.826346244773124], [0.16421380364092794, -0.0661537550478244, 0.9842039968354416, 12.780640072057835], [0.0, 0.0, 0.0, 1.0]], [[0.9817740076866602, 0.03500434397244136, -0.18680067915812038, -10.609034873949122], [-0.022715043727922688, 0.9974587425655975, 0.06752839156901601, -3.787729915660872], [0.18868975758984585, -0.0620544340278661, 0.9800741923947254, 13.513126775350472], [0.0, 0.0, 0.0, 1.0]], [[0.9754655602120044, 0.041838482047194224, -0.21613995988772897, -11.487909148844732], [-0.026225502266493592, 0.9968681663230461, 0.07460617938616648, -3.696663342995894], [0.2185844547792749, -0.06710737956228995, 0.97350779952558, 13.98140753250182], [0.0, 0.0, 0.0, 1.0]], [[0.967294314721273, 0.029651141760788893, -0.2519176819919276, -12.08382457121918], [-0.015348648692931472, 0.9981663999116851, 0.058551319973587757, -3.212062625772443], [0.2531918791967974, -0.052769762929447094, 0.9659757887386055, 14.621756591234469], [0.0, 0.0, 0.0, 1.0]], [[0.9614881783606545, 0.032154559205740174, -0.27295891118444227, -13.007993282555708], [-0.015637127842786654, 0.9979240712939759, 0.06247422000222532, -3.589214738604785], [0.2744010989510437, -0.05579993059442495, 0.9599950024037226, 14.682324614890321], [0.0, 0.0, 0.0, 1.0]], [[0.9425861499061406, 0.03990096458307449, -0.3315709019658698, -14.00589233171132], [-0.018405182542505248, 0.9975345577484146, 0.06772042050411461, -3.65230982381995], [0.3334555431548537, -0.05772970745653479, 0.9409966427231772, 14.697040031384887], [0.0, 0.0, 0.0, 1.0]], [[0.9396104172143156, 0.024331738462458268, -0.3413798915661802, -14.482919849267756], [-0.007609694516670024, 0.9987082957963065, 0.05023775927529065, -2.8345301030661108], [0.34216130174481485, -0.04460612526361771, 0.9385818755853248, 15.019035559274533], [0.0, 0.0, 0.0, 1.0]], [[0.9100167053882819, 0.02362137027900398, -0.41389808743264556, -14.626487176443264], [-0.003292699283029326, 0.9987557762403921, 0.04975999957682455, -2.778572865652653], [0.41455850497329344, -0.043919588939289364, 0.9089622190507798, 16.007092852128796], [0.0, 0.0, 0.0, 1.0]], [[0.8795884658926141, 0.059167444164592534, -0.4720416763588893, -14.850192253277458], [-0.03331291391755311, 0.9974604811823157, 0.06295107819463336, -3.141111917272133], [0.47456757204322714, -0.039645958565464254, 0.8793257744058388, 16.911814622358087], [0.0, 0.0, 0.0, 1.0]], [[0.8660030183724333, 0.06953450436717816, -0.4951804972656417, -15.832883624415139], [-0.04233614697864873, 0.9969243601494585, 0.06595051781143904, -3.0764669297864704], [0.4982433369638202, -0.03614931317473567, 0.8662833279754142, 16.73820962106088], [0.0, 0.0, 0.0, 1.0]], [[0.8545791156161593, 0.07361347653755314, -0.5140774175401606, -16.804990304101885], [-0.04228225999660549, 0.9964788106345726, 0.07240297263157415, -3.1871843660683723], [0.5175970881315776, -0.04013771329265837, 0.8546825248765504, 16.531448218461662], [0.0, 0.0, 0.0, 1.0]], [[0.8485116570722694, 0.08071477500468244, -0.5229847922343609, -17.700876986245355], [-0.04408830619343372, 0.9956457831329483, 0.08213218483988725, -3.3487715229333856], [0.5273368838507998, -0.046632602602924234, 0.848375631017896, 16.11759240425109], [0.0, 0.0, 0.0, 1.0]], [[0.8235551617898836, 0.09053527004642119, -0.5599645170605568, -18.12823768242283], [-0.05339921223993629, 0.9951706965290493, 0.0823638810525693, -3.59663795366127], [0.5647171146878757, -0.037929535292544524, 0.8244124760889416, 16.987031913183987], [0.0, 0.0, 0.0, 1.0]], [[0.8070837139356323, 0.09434875702599797, -0.5828500585463792, -18.498313945737323], [-0.05499595372392074, 0.9948713573357627, 0.08489067926984045, -3.7180343383191725], [0.5878701589414705, -0.03645948985582333, 0.8081332698420421, 17.90806745685702], [0.0, 0.0, 0.0, 1.0]], [[0.7923223605242937, 0.09202117866986102, -0.6031230220190759, -18.85896796001095], [-0.04999848274942025, 0.9950282751967137, 0.08613293958649336, -3.5707845585295717], [0.6080505149541231, -0.03808981799987079, 0.7929840711065829, 18.829070267076546], [0.0, 0.0, 0.0, 1.0]], [[0.7751412866802921, 0.09039974864137096, -0.625287030993927, -19.372026846966083], [-0.046271167936930126, 0.9951754000283154, 0.08651532925578106, -3.5877860260642125], [0.6300912352202503, -0.03812884241699374, 0.7755844420013637, 19.68725528218018], [0.0, 0.0, 0.0, 1.0]], [[0.7631463074553028, 0.09159347089331733, -0.6397017660652919, -19.748747448964927], [-0.04201649854025748, 0.9948426481475924, 0.09231857492998813, -3.4948158266792277], [0.6448583776828524, -0.04357455124727663, 0.7630589303689759, 20.6089049744932], [0.0, 0.0, 0.0, 1.0]], [[0.7604495090350833, 0.09001071692571003, -0.6431287701905601, -20.382637982498384], [-0.04012058335845747, 0.9949676236342703, 0.09181376100863943, -3.3317059264089974], [0.648156526619369, -0.04401702804703468, 0.7602339233700567, 21.36493272220891], [0.0, 0.0, 0.0, 1.0]], [[0.7651718991592922, 0.08610083110842082, -0.6380427976393145, -21.12860131701881], [-0.0391957078135623, 0.9954088930451632, 0.08732028478880564, -3.2942550762215235], [0.6426318240065323, -0.04180648907816519, 0.7650336961500467, 22.029865922585902], [0.0, 0.0, 0.0, 1.0]], [[0.7710767127185212, 0.07906232750506735, -0.6318147287557349, -21.94421626977972], [-0.032504279867225795, 0.9958550738626926, 0.08494788786218278, -3.4263689736614547], [0.6359120811036058, -0.04496465535744466, 0.7704505207182838, 22.593175916871672], [0.0, 0.0, 0.0, 1.0]], [[0.7833042105147591, 0.08534675863961994, -0.615751934288121, -22.249088145394268], [-0.032872649929183165, 0.9948314486951393, 0.0960717313977711, -3.476878225623206], [0.6207687996963843, -0.05501199393624934, 0.7820612366347508, 23.544228989869353], [0.0, 0.0, 0.0, 1.0]], [[0.7905853392308965, 0.08473419002042473, -0.6064609949821611, -22.857132396861466], [-0.03338665394744428, 0.9948713426022063, 0.09547954234849837, -3.4843112593568932], [0.611441045998196, -0.055237023005109014, 0.7893596889619917, 24.33809729924786], [0.0, 0.0, 0.0, 1.0]], [[0.7986745959638577, 0.0855638622802906, -0.5956489865966783, -23.46520273365161], [-0.037163577792132994, 0.9949635096340781, 0.09309394707674466, -3.5648626413223004], [0.6006144838810189, -0.052215323118011886, 0.7978319383078282, 25.127883311206993], [0.0, 0.0, 0.0, 1.0]], [[0.8033355215228056, 0.08742345880341981, -0.5890748498370394, -23.66318032491658], [-0.03773192156463896, 0.9946506387626814, 0.09615824927707214, -3.676958168013875], [0.5943301624137275, -0.0550204113019669, 0.8023368447138906, 26.101659207026575], [0.0, 0.0, 0.0, 1.0]], [[0.8094854892114449, 0.0874218545797536, -0.5805950930708474, -24.168071788014476], [-0.039860269295559754, 0.9947542068267842, 0.09420842282992728, -3.5501782053283364], [0.5857852863360423, -0.0531176744808406, 0.8087237544241885, 26.955480879002696], [0.0, 0.0, 0.0, 1.0]], [[0.8140354201486704, 0.08342761040731456, -0.5747922829728186, -24.524126315244065], [-0.04027915283688261, 0.995356397394246, 0.08742557985562541, -3.423251946026835], [0.57941688324567, -0.04801537241419519, 0.8136157566209042, 27.881285882420762], [0.0, 0.0, 0.0, 1.0]], [[0.8218886540274077, 0.08364204112792117, -0.5634740893217483, -24.92097518596026], [-0.04227088310591351, 0.9953894554251883, 0.08609880643652468, -3.240413282298989], [0.5680776468252104, -0.046945084772553825, 0.821634922695741, 28.780775179673906], [0.0, 0.0, 0.0, 1.0]], [[0.8309897241528164, 0.07951200427616627, -0.5505759888774806, -25.47375388309283], [-0.03755351955766633, 0.9954927902332665, 0.08708523274596346, -3.139803520236189], [0.5550187488015736, -0.051690867371063015, 0.8302302347597141, 29.60800753874359], [0.0, 0.0, 0.0, 1.0]], [[0.8371980002443132, 0.07664464703785745, -0.5415026375442382, -25.91557515776795], [-0.035550497063810714, 0.995663812682483, 0.085963563636578, -3.261478378138935], [0.545743227667961, -0.05271783564435826, 0.8362925081928795, 30.496820905267302], [0.0, 0.0, 0.0, 1.0]], [[0.8449480499562186, 0.07882617673500793, -0.5290077756862609, -26.552158643501997], [-0.04002380078732175, 0.9956253968019849, 0.08442845855178477, -3.139954214353219], [0.533348749174238, -0.050164759585132605, 0.844406660709192, 31.25839384718723], [0.0, 0.0, 0.0, 1.0]], [[0.8498172577060075, 0.07660327379166965, -0.5214811280856099, -27.049930008625072], [-0.035687613551353775, 0.9954744885240099, 0.08807347464971195, -3.2960655652147626], [0.5258678757483237, -0.056235941730018245, 0.8487051879856105, 32.11153680834976], [0.0, 0.0, 0.0, 1.0]], [[0.8550878425228486, 0.07217405552494954, -0.513435183132888, -27.466965592052208], [-0.03547048438004905, 0.996087023209163, 0.08094743314124188, -2.959098981396704], [0.5172684277118302, -0.05100537131902812, 0.8543019523500728, 32.95565460001467], [0.0, 0.0, 0.0, 1.0]], [[0.8607914299482006, 0.08022237642327257, -0.5025957465485907, -27.779167505228333], [-0.03951478809063694, 0.9950529079397873, 0.09114983226933558, -2.9072937567553523], [0.5074216152765744, -0.05860103003854076, 0.8597029857040983, 33.90425682731667], [0.0, 0.0, 0.0, 1.0]], [[0.8682588290178608, 0.08136093366736684, -0.4893945282747936, -27.168789660988093], [-0.041565274938236675, 0.9949224022315705, 0.09166101383397769, -2.7502220136444593], [0.49436720537657586, -0.05924366641707285, 0.867231949502337, 33.12787595516388], [0.0, 0.0, 0.0, 1.0]], [[0.8751183290961718, 0.07694897860990903, -0.47775178154646036, -27.152962760705254], [-0.03763710983558752, 0.9951086796664432, 0.09133544556049704, -3.050554710593821], [0.4824431137897524, -0.06194812622994842, 0.8737339821784738, 34.0815791545889], [0.0, 0.0, 0.0, 1.0]], [[0.8779864535040648, 0.06653032816648985, -0.4740395583676687, -26.99328313601481], [-0.0260396729872293, 0.9954661876781992, 0.09148226396495066, -3.747001109785343], [0.4779766970199239, -0.06797635341420866, 0.8757382556919832, 34.78119679995875], [0.0, 0.0, 0.0, 1.0]], [[0.8875448264174571, 0.06088021953766017, -0.4566812673721706, -27.548992394085605], [-0.023555959787825, 0.9959308748507117, 0.08698740873007389, -3.7588587172488768], [0.46011878668239836, -0.06644765901176967, 0.8853673874464653, 35.61248892455074], [0.0, 0.0, 0.0, 1.0]], [[0.891770569990136, 0.05729568966039336, -0.44884569112981937, -27.4409490465201], [-0.02720997733929327, 0.996946001122738, 0.07320032772181204, -3.0175694809673574], [0.45166898015323576, -0.05306481689146786, 0.890606118087911, 36.27492147948283], [0.0, 0.0, 0.0, 1.0]], [[0.8983959730278508, 0.0601985829218289, -0.43504115467567134, -27.961063137241528], [-0.03104182016408772, 0.996787900601021, 0.07382605648627955, -2.832473263766624], [0.4380879832273893, -0.052820562564385644, 0.8973789094480364, 37.10872041907253], [0.0, 0.0, 0.0, 1.0]], [[0.9020863227249972, 0.05982994299842134, -0.4273881658086645, -28.38183718186312], [-0.032189058530219444, 0.9969127256098391, 0.07161621344434169, -2.7587018330087343], [0.4303534952378453, -0.05084678394916099, 0.9012272042601709, 38.012881335997605], [0.0, 0.0, 0.0, 1.0]], [[0.9050097729998142, 0.05828055912948007, -0.4213795049624232, -28.928209098555502], [-0.029046099635725586, 0.9967247302649677, 0.07547275120323499, -2.8323879719879548], [0.4243979675620233, -0.056064146348524385, 0.9037384448077008, 38.847176297607035], [0.0, 0.0, 0.0, 1.0]], [[0.9085441757343736, 0.05882192683918047, -0.41362720130821995, -29.48900656823204], [-0.02876832624069804, 0.9964972507698833, 0.07852141499858162, -2.9873583033386213], [0.41679714987563954, -0.05944081199812573, 0.9070539817037098, 39.660496899477], [0.0, 0.0, 0.0, 1.0]], [[0.9079253629787281, 0.05975147005988469, -0.4148509335720782, -30.076131506737184], [-0.02999434803164642, 0.9965111013653958, 0.07788429842843056, -2.559500523845999], [0.4180572620420574, -0.0582699466381666, 0.9065499098078883, 40.34768104981591], [0.0, 0.0, 0.0, 1.0]], [[0.8898935900141475, 0.05394550093043648, -0.4529671968046848, -30.42852559352878], [-0.0214157581421145, 0.9968285947361931, 0.07664279496124746, -2.3662440659580772], [0.45566518821930135, -0.05850329602370656, 0.8882266605993302, 41.263361339325215], [0.0, 0.0, 0.0, 1.0]], [[0.8719247206852866, 0.06127553789570932, -0.48579068528891595, -30.642125698525348], [-0.031681979794963205, 0.997119837996283, 0.06890777046563304, -2.5026071298605106], [0.4886138901158635, -0.04469157784039193, 0.8713547665882051, 42.23071862962976], [0.0, 0.0, 0.0, 1.0]], [[0.8656439202697338, 0.06618611623311378, -0.49626605900264903, -31.21480162463234], [-0.034459192343289334, 0.9967491128126718, 0.0728269879248626, -2.5045659286868407], [0.4994728895176338, -0.04594131174809976, 0.8651105296502727, 43.05049813719063], [0.0, 0.0, 0.0, 1.0]], [[0.861141382469811, 0.06980243893952971, -0.5035505326340876, -31.889467439464234], [-0.03809377828071445, 0.996603866120921, 0.07300409638603492, -2.6423463676497363], [0.5069362715907021, -0.04368470614453439, 0.8608758696785441, 43.77564817914011], [0.0, 0.0, 0.0, 1.0]], [[0.8524458455915361, 0.0716682970304355, -0.5178800397143007, -32.42755931425027], [-0.039330632313883715, 0.9965436432525171, 0.07317013362566802, -2.790984511365978], [0.5213340404150884, -0.04200502700587926, 0.8523182480803287, 44.605325103081505], [0.0, 0.0, 0.0, 1.0]], [[0.8268051889735347, 0.05345751772897, -0.5599423838973895, -32.793498783833016], [-0.012352818627258535, 0.9969592505497636, 0.07693933074328535, -2.4903087774370842], [0.5623527250386534, -0.056696971184703925, 0.8249514325704803, 45.48605343664728], [0.0, 0.0, 0.0, 1.0]], [[0.8233634892900766, 0.05502920155412143, -0.5648401114301134, -33.325912844089366], [-0.013658124461149989, 0.9969209050277398, 0.07721505523461891, -2.614444266634136], [0.5673499979203963, -0.05586140076114335, 0.8215798705936845, 46.3233858843241], [0.0, 0.0, 0.0, 1.0]], [[0.8108551495569398, 0.05522773267991643, -0.5826352409355494, -33.82931411472731], [-0.013342567585423482, 0.9970232299250172, 0.07593849406015296, -2.636607654800164], [0.5850947806357716, -0.053801268878445836, 0.8091782999684641, 47.187154335592645], [0.0, 0.0, 0.0, 1.0]], [[0.7973032730070121, 0.04365262905824363, -0.601998288061193, -34.4208525385619], [-0.0018329694387076564, 0.9975517788537106, 0.06990771580336683, -2.22315494354858], [0.6035761187086046, -0.05463420615430161, 0.795431312209013, 47.87935309423817], [0.0, 0.0, 0.0, 1.0]], [[0.7898411746313956, 0.04771903574416582, -0.6114522160271747, -35.140050729229806], [-0.004981722513551742, 0.9974348341396668, 0.0714068210017924, -2.337227774013015], [0.6132912043211586, -0.053353962106209525, 0.7880528240098371, 48.56472989454635], [0.0, 0.0, 0.0, 1.0]], [[0.7860998115356944, 0.0383866955624634, -0.6169064336731617, -36.08411237327129], [0.0013194377065012153, 0.9979631703692725, 0.06377906922070063, -2.0980785093936944], [0.6180981680831024, -0.050950683904288564, 0.7844480112932949, 48.79178774741883], [0.0, 0.0, 0.0, 1.0]], [[0.7767642072444906, 0.04441227307468693, -0.6282236196961841, -36.46509483115614], [-0.005000869403203853, 0.9979139427196453, 0.06436423099015409, -1.6324871450939635], [0.6297716710436035, -0.04685416658186195, 0.7753659325923942, 49.59058497913922], [0.0, 0.0, 0.0, 1.0]], [[0.7708332958802334, 0.04617176564057538, -0.6353614703615942, -37.37225544992475], [-0.008340974821069427, 0.9980159629544079, 0.06240645661491811, -1.3894298524546156], [0.6369823059563384, -0.04280544061012219, 0.7696890515998822, 49.934071171863145], [0.0, 0.0, 0.0, 1.0]], [[0.7718724615846542, 0.04635800895406625, -0.6340850400798465, -38.18441650434926], [-0.010796504807832091, 0.9981500584768789, 0.059832234176460254, -1.0852481405529764], [0.6356857230827073, -0.0393369516920991, 0.7709450471339678, 49.436207843508164], [0.0, 0.0, 0.0, 1.0]], [[0.7440284048112917, 0.053023897618723705, -0.6660406887835632, -38.700570168376785], [-0.017963253553039595, 0.9980731824761676, 0.059390604843636154, -1.1768187298316701], [0.6679064712635729, -0.032224039213329905, 0.7435472795599665, 50.28779472254562], [0.0, 0.0, 0.0, 1.0]], [[0.7427560794486257, 0.048161480495933245, -0.6678277309595242, -39.20898224896324], [-0.020923707193647684, 0.9985921289305772, 0.04874380489027208, -1.8082541274042165], [0.6692350894262687, -0.022231325519313967, 0.7427180913686403, 50.87329149856873], [0.0, 0.0, 0.0, 1.0]], [[0.7350722554434646, 0.04060303549175176, -0.6767718764739811, -39.84725431740232], [-0.01720868757891178, 0.9990008939629618, 0.04124408967383756, -1.55133097845703], [0.6777703448433506, -0.018671030235828008, 0.7350365652679234, 51.598963093950616], [0.0, 0.0, 0.0, 1.0]], [[0.7281674690032156, 0.0329924920687057, -0.6846047272350279, -40.787081793306044], [-0.016172908651812347, 0.9993897529621688, 0.030960599153838406, -1.281288315186453], [0.6852084165501728, -0.011472451408505594, 0.7282566915226333, 51.80825072824452], [0.0, 0.0, 0.0, 1.0]], [[0.7218038147428605, 0.033559356001156185, -0.6912836050764124, -41.51818578109099], [-0.00552826015054543, 0.9990714032856117, 0.04272902382029369, -1.1919643069955346], [0.6920756399139955, -0.02702037678705995, 0.7213190749425158, 51.13185722505646], [0.0, 0.0, 0.0, 1.0]], [[0.7048445998439452, 0.035415499978784605, -0.7084771220244735, -41.991941050844744], [-0.007421040184186176, 0.999066413355191, 0.042558546358963126, -1.2327522782544877], [0.709322929442872, -0.024739524386205972, 0.7044493861873501, 52.011568720840614], [0.0, 0.0, 0.0, 1.0]], [[0.6985963684740913, 0.04126540337542269, -0.7143250523669695, -42.797622995407316], [-0.006398622686170769, 0.9986559484320734, 0.0514330077767636, -1.4168399888867715], [0.7154873664730466, -0.031360215967173255, 0.6979214606758875, 51.448551600969815], [0.0, 0.0, 0.0, 1.0]], [[0.6973215621660933, 0.04164009404833841, -0.7155478610867924, -43.74854548548861], [-0.006391639849785652, 0.998632617279726, 0.05188489804445764, -1.6719901951156766], [0.7167299253402735, -0.03160693393384046, 0.6966342051959805, 51.62360809507953], [0.0, 0.0, 0.0, 1.0]], [[0.6806259216297026, 0.04410089721719392, -0.7313025814738761, -44.035654078745004], [-0.007925764118063816, 0.9985714376867582, 0.052841897196776566, -1.7837427320735908], [0.7325882452434431, -0.030169433220526926, 0.6800031383973848, 52.574964995062054], [0.0, 0.0, 0.0, 1.0]], [[0.6501207384384141, 0.05170768022624519, -0.7580694831332483, -44.13504076171364], [-0.01623412249622378, 0.9983993116733492, 0.054178111050214216, -1.9639942803337969], [0.7596574746022539, -0.02291572071333142, 0.6499195265762694, 53.553551553264555], [0.0, 0.0, 0.0, 1.0]], [[0.6571312025207984, 0.052522207227751534, -0.7519441471422548, -44.59213669743904], [-0.010865834712040957, 0.9981258728494139, 0.060221886259195966, -1.9499409966724623], [0.7536978945901234, -0.031403179720043854, 0.656470352715104, 52.664245189628666], [0.0, 0.0, 0.0, 1.0]], [[0.6446753109627983, 0.060013995068890595, -0.7620971485518682, -45.42549652319267], [-0.015757762468265546, 0.9977451059196705, 0.0652410647931844, -2.2644628301617145], [0.7642940771437511, -0.030050357888469822, 0.6441673226994408, 53.11876409525262], [0.0, 0.0, 0.0, 1.0]], [[0.6482185833002374, 0.05106417382036077, -0.7597401650671596, -46.23745421267499], [-0.019435102514207755, 0.998533328317073, 0.050531861536063157, -1.9336544945262646], [0.7612062434416184, -0.017990063704191536, 0.648260296912766, 52.637837273953735], [0.0, 0.0, 0.0, 1.0]], [[0.6472501272954261, 0.05153604460843582, -0.7605335685044868, -47.200654354288254], [-0.020621526648419, 0.9985306131227601, 0.050113544031356205, -2.0185614742211793], [0.7619987042999143, -0.016752634503589398, 0.6473618183693335, 52.38281508957801], [0.0, 0.0, 0.0, 1.0]], [[0.6416064431386524, 0.050798655372580506, -0.7653500302053318, -48.1468535041583], [-0.02043334828166768, 0.9985824038283836, 0.0491493747909058, -1.9504043287799908], [0.7667617950843488, -0.015895891817512827, 0.6417348909186428, 52.066489648835606], [0.0, 0.0, 0.0, 1.0]], [[0.6352336636292769, 0.050650726641380095, -0.7706573145586981, -48.93257641166253], [-0.022650345307930468, 0.998639721774953, 0.046964539289624005, -2.3886822265364547], [0.7719877942361293, -0.012377802064773626, 0.6355168255573493, 52.50301229161208], [0.0, 0.0, 0.0, 1.0]], [[0.6335609667253269, 0.05272624750843329, -0.7718940628517272, -49.229133261491114], [-0.01694683962134317, 0.9983815363328613, 0.054287314692242246, -2.6258031897385576], [0.7735071467471547, -0.02131315868952544, 0.6334291145801244, 53.4281218516212], [0.0, 0.0, 0.0, 1.0]], [[0.6524231521164501, 0.05266018899729133, -0.7560231048567246, -50.071869208028836], [-0.01413918781716502, 0.9982550969561469, 0.05733101053492144, -2.8353837756057283], [0.7577229796900139, -0.026714525933531054, 0.652029309275161, 52.932266949901646], [0.0, 0.0, 0.0, 1.0]], [[0.66132623325715, 0.04905259672623564, -0.7484927895179218, -50.81773190005124], [-0.005251217720346666, 0.9981377729080668, 0.0607734399765909, -2.939418180987932], [0.7500800210100053, -0.03626057154193191, 0.6603522794941292, 53.590192234689866], [0.0, 0.0, 0.0, 1.0]], [[0.64984050764982, 0.07502294900835427, -0.7563589569374523, -50.26192050397495], [-0.01994096694818605, 0.9964570072469076, 0.08170551110982775, -3.4647707684111904], [0.7598089710279833, -0.03801302185614588, 0.6490341575870806, 54.23445797279638], [0.0, 0.0, 0.0, 1.0]], [[0.6487265021496926, 0.07934692690824857, -0.7568738273971685, -51.06271624134199], [-0.02053100739325202, 0.9960124629781361, 0.08681964828111448, -3.8325467528187676], [0.7607446372759066, -0.040782824601225266, 0.64776875354829, 54.70718094502872], [0.0, 0.0, 0.0, 1.0]], [[0.6415695527096916, 0.08584049935567635, -0.7622466252508112, -51.88980255718253], [-0.0228866927408794, 0.9954183575836809, 0.09283583726558478, -3.989336644102819], [0.7667233584098493, -0.0421153422850262, 0.6405947155674541, 54.16741700519297], [0.0, 0.0, 0.0, 1.0]], [[0.5394826909180038, 0.0510462885271564, -0.8404479178553944, -52.641101322381495], [0.044468649650583114, 0.9950402368499972, 0.08898014524468578, -3.629350437700796], [0.8408216014102701, -0.08537683220355449, 0.5345370250270464, 54.72055360183968], [0.0, 0.0, 0.0, 1.0]], [[0.5239520016632128, 0.052923997521816285, -0.8501019647309488, -53.250856049856274], [0.0390209304904032, 0.9955282912149022, 0.08602783488156536, -3.606894622321231], [0.8508534932271147, -0.07824622596047323, 0.5195438972658315, 53.92828155881405], [0.0, 0.0, 0.0, 1.0]], [[0.48525004753133766, 0.062077965605780355, -0.8721689730534316, -54.019916471555945], [0.027644521369648973, 0.9958886540306731, 0.08626453043532195, -3.608837670413722], [0.8739383112148622, -0.06597056130753201, 0.48153890105752944, 53.28910843949294], [0.0, 0.0, 0.0, 1.0]], [[0.4605129290255968, 0.06750639466898586, -0.885082328870629, -54.61678671542349], [0.02394714774478882, 0.9957962216613115, 0.08841051430658133, -3.790769645589353], [0.8873299140202383, -0.06190938219575343, 0.45696044914301553, 52.5076696129564], [0.0, 0.0, 0.0, 1.0]], [[0.4383294029598553, 0.06480222575811158, -0.8964753237193136, -55.4788052010205], [0.022475703945169127, 0.9962954601979723, 0.08300722089727317, -3.8329134057544003], [0.8985333478692004, -0.056533419547327116, 0.43524911859906285, 52.0025477899814], [0.0, 0.0, 0.0, 1.0]], [[0.4039796362056243, 0.07630726928240249, -0.9115797574462867, -55.723315785204065], [0.016505384955709697, 0.9957444611522868, 0.09066719556716804, -4.3076076462268285], [0.9146190604829113, -0.051673675495495675, 0.40100100431563956, 52.848053543443264], [0.0, 0.0, 0.0, 1.0]], [[0.39041498178908296, 0.075243731803634, -0.9175590023638206, -56.32744004309579], [0.01909669941989354, 0.9957782032236968, 0.08978355114307664, -4.426760967812759], [0.9204409041681627, -0.05257519195264586, 0.3873298221480587, 53.63598524158711], [0.0, 0.0, 0.0, 1.0]], [[0.39473849599939614, 0.08223527518596094, -0.9151059388350734, -57.18659649823958], [0.01956612798981637, 0.995008260937988, 0.0978556452160844, -4.68886567700676], [0.9185851546871577, -0.056532470141139025, 0.3911590385100681, 53.19649540169816], [0.0, 0.0, 0.0, 1.0]], [[0.39331100107488937, 0.0832904321783852, -0.9156250107664182, -58.14230095776282], [0.022105515657954548, 0.9947435548193144, 0.09998303017481673, -4.809594274800909], [0.9191397078850271, -0.05956478870087318, 0.38940240540609977, 52.92806742486665], [0.0, 0.0, 0.0, 1.0]], [[0.39331100107490163, 0.08329043217837528, -0.9156250107664138, -57.55991658536745], [0.022105515657957715, 0.9947435548193156, 0.09998303017480845, -4.531700123317327], [0.9191397078850215, -0.05956478870087379, 0.3894024054061124, 52.16412811531324], [0.0, 0.0, 0.0, 1.0]], [[0.39586877434394724, 0.08751163815482704, -0.9141277955991038, -58.44362535621472], [0.023679735696977264, 0.994145116975894, 0.10542654556760012, -4.990383019003367], [0.9180017339944136, -0.06338138197021259, 0.39147875651534964, 52.07102163482681], [0.0, 0.0, 0.0, 1.0]], [[0.39348389827385916, 0.09070148184844257, -0.914846251011448, -59.218775424942315], [0.029426447318224146, 0.9933686611096544, 0.11114309390803516, -5.329022110826044], [0.9188604388031092, -0.07065369286681768, 0.38820555081921126, 52.60437514152767], [0.0, 0.0, 0.0, 1.0]], [[0.37825403942211405, 0.11037894285350815, -0.9190975849361118, -59.329411904998246], [0.02179197160012578, 0.9915287808936937, 0.12804603325856725, -6.046586694462998], [0.9254452937017081, -0.06846287778070663, 0.3726443917884068, 53.29202376812718], [0.0, 0.0, 0.0, 1.0]], [[0.37840484704373095, 0.11264907681119762, -0.9187600106814582, -60.100830409016694], [0.021417180147308763, 0.9912358626802694, 0.13035631527106456, -6.646891809509982], [0.9253923903557646, -0.06900471020224315, 0.37267582943029337, 53.50308597424831], [0.0, 0.0, 0.0, 1.0]], [[0.3850995325185312, 0.12268613489574312, -0.9146838045785817, -61.01432605061494], [0.018863074166329933, 0.9898707669950055, 0.1407126471989098, -6.705450390963816], [0.9226822500118949, -0.071442123100255, 0.37888453196181615, 53.100473722765976], [0.0, 0.0, 0.0, 1.0]], [[0.38219231133460707, 0.12693181582185478, -0.9153236319951943, -62.000683446208946], [0.016393669073325175, 0.9894340012855743, 0.14405417284598943, -6.817199564345116], [0.9239373814123089, -0.07006190999532957, 0.3760731896809202, 52.979596853148394], [0.0, 0.0, 0.0, 1.0]], [[0.3673652310017805, 0.13451633830259507, -0.9202978549256032, -62.41774397146977], [0.018317881649048292, 0.9882475540607815, 0.1517604266756797, -7.362238449390591], [0.9298963610332655, -0.07260941139104247, 0.36058373661959064, 53.7069160022548], [0.0, 0.0, 0.0, 1.0]], [[0.3656916618523955, 0.139675828738398, -0.9201957787981162, -63.4028388252122], [0.022188363474702953, 0.9870860418132512, 0.1586468486411656, -7.479032814612817], [0.9304715390477871, -0.07843346813509562, 0.35786995696531, 53.580633741846725], [0.0, 0.0, 0.0, 1.0]], [[0.3626165309282834, 0.1389069369394335, -0.9215281408441303, -64.18313868547617], [0.027776042773667485, 0.9867792271200464, 0.15967231560984219, -7.737288728201929], [0.9315244188669359, -0.08349622622895361, 0.35396417510837186, 54.1502265869779], [0.0, 0.0, 0.0, 1.0]], [[0.36547674273305497, 0.1338773465828746, -0.921142554978958, -65.1020654572018], [0.02778040261611996, 0.9875931573885953, 0.15455744792704523, -7.770983580971885], [0.9304058252997627, -0.08207686367766912, 0.35722316371858376, 54.54321288036236], [0.0, 0.0, 0.0, 1.0]], [[0.3491009141246065, 0.1443016464183701, -0.9259079795521313, -65.36661364574701], [0.030782023098946728, 0.985773314093146, 0.16523752683867188, -8.416796148284265], [0.9365794247213153, -0.08618589248114415, 0.33969246845629064, 55.259411438872085], [0.0, 0.0, 0.0, 1.0]], [[0.35294581547752674, 0.14576745894976695, -0.9242191835534631, -66.34344108232057], [0.029441044116665833, 0.9855702542176933, 0.16668682888159128, -8.629322468315532], [0.9351804511741219, -0.0860413965054445, 0.3435613508955397, 55.23409908027888], [0.0, 0.0, 0.0, 1.0]], [[0.3538323179769293, 0.1494372149279566, -0.923293674596359, -67.33202071470537], [0.02579811768253414, 0.9852188656002412, 0.16934652045265347, -8.772755151952312], [0.9349530190758901, -0.08373951074586765, 0.34474707607306865, 55.187867262686694], [0.0, 0.0, 0.0, 1.0]], [[0.355618645649521, 0.1498365446542415, -0.9225423506552294, -68.24799066202986], [0.02571101948971223, 0.985123805079587, 0.16991183638088478, -8.75132003555831], [0.9342774332837172, -0.08414332149137638, 0.3464759430396253, 54.787193371060084], [0.0, 0.0, 0.0, 1.0]], [[0.3556108167854391, 0.15409988746482564, -0.9218428128854287, -69.22279409624896], [0.028995878637147202, 0.9840203418944967, 0.1756792695792723, -8.87148753228932], [0.9341842355805746, -0.0892030908723084, 0.3454600158796568, 54.599262414957714], [0.0, 0.0, 0.0, 1.0]], [[0.3576037648366844, 0.15505378247297966, -0.9209114354352701, -70.21231791776616], [0.03294565271930947, 0.9834117345084604, 0.17837024527080989, -8.821573674100256], [0.9332920932599493, -0.09412589958077752, 0.34656339057462515, 54.46379580442017], [0.0, 0.0, 0.0, 1.0]], [[0.3595192833633151, 0.15200353343907053, -0.920674106680515, -71.20642203998004], [0.04016934149173152, 0.9832077638245242, 0.17801381170939828, -8.927335563411916], [0.9322726580212782, -0.1009822706083814, 0.34737626880477246, 54.43989140042628], [0.0, 0.0, 0.0, 1.0]], [[0.3628608626497609, 0.1528406806521993, -0.9192234334996268, -72.14385902261097], [0.044048846395004254, 0.9825409411721701, 0.18075673722377722, -9.030240778399211], [0.9308016402479911, -0.10608027742369121, 0.34979319783748064, 54.10729189476341], [0.0, 0.0, 0.0, 1.0]], [[0.359079088585556, 0.15654864522977527, -0.9200840884491416, -73.11025727466699], [0.04823837287446992, 0.9814013773802189, 0.18580741604856035, -9.021801794106239], [0.932059690965659, -0.11110291694163277, 0.3448490602047071, 53.85038102546174], [0.0, 0.0, 0.0, 1.0]], [[0.34181928803869005, 0.16256529250509416, -0.9255982389770715, -74.05678420018795], [0.04733253148661949, 0.9806962801339884, 0.18972200081813417, -9.105510308634738], [0.9385729624210367, -0.10866154703527454, 0.32752627743145873, 53.53880493640513], [0.0, 0.0, 0.0, 1.0]], [[0.30188698383120005, 0.177109